Unnamed: 0,calendar_date,avg_temperature,high_temperature,low_temperature,precipitation,hours_sunlight,avg_wind_speed
0,2016-01-01,4.9,10.9,0.7,0.0,9.5,1.7
1,2016-01-02,4.3,12.0,0.3,0.0,4.8,1.3
2,2016-01-03,6.4,16.2,-1.1,0.0,8.2,1.2
3,2016-01-04,6.8,15.3,0.6,0.0,9.2,1.2
4,2016-01-05,7.7,15.0,0.3,0.0,8.4,1.1
5,2016-01-06,6.7,10.0,3.2,0.0,0.0,1.0
6,2016-01-07,6.8,12.8,0.9,0.0,8.0,1.5
7,2016-01-08,4.5,10.5,-0.7,0.0,7.6,1.0
8,2016-01-09,4.3,10.7,-1.3,0.0,9.3,1.2
9,2016-01-10,5.6,12.7,0.6,0.0,9.3,1.6
10,2016-01-11,4.1,8.9,-1.6,0.0,1.9,1.1
11,2016-01-12,1.9,3.9,-2.0,0.0,0.0,1.3
12,2016-01-13,1.3,8.8,-4.9,0.0,8.3,0.9
13,2016-01-14,3.6,11.6,-3.4,0.0,9.5,1.3
14,2016-01-15,3.6,10.4,-1.7,0.0,8.6,1.6
15,2016-01-16,4.3,10.8,-1.0,0.0,9.5,1.4
16,2016-01-17,4.3,8.4,-1.7,1.0,4.6,1.3
17,2016-01-18,4.4,10.8,1.6,61.5,0.8,3.1
18,2016-01-19,4.8,8.9,-1.1,0.0,9.3,3.1
19,2016-01-20,2.5,6.9,-2.9,0.0,9.1,3.4
20,2016-01-21,3.5,8.6,-3.3,0.0,7.9,2.1
21,2016-01-22,3.6,9.5,-1.1,0.0,8.9,1.8
22,2016-01-23,1.8,4.5,-1.4,0.5,0.0,1.3
23,2016-01-24,2.0,7.1,-1.1,0.0,7.6,3.0
24,2016-01-25,1.5,6.7,-2.7,0.0,9.7,2.7
25,2016-01-26,1.4,9.2,-4.4,0.0,9.0,1.2
26,2016-01-27,3.7,12.7,-4.2,0.0,9.6,1.5
27,2016-01-28,4.5,13.1,-2.7,0.0,9.6,1.0
28,2016-01-29,3.4,7.1,1.1,8.5,0.0,1.8
29,2016-01-30,2.3,4.3,0.4,5.0,0.0,1.9
30,2016-01-31,4.7,10.6,-1.0,0.0,8.7,1.0
31,2016-02-01,2.7,5.1,0.3,0.0,0.0,1.2
32,2016-02-02,4.3,9.9,0.8,0.0,8.7,1.6
33,2016-02-03,2.1,8.0,-2.9,0.0,9.3,1.0
34,2016-02-04,2.8,9.1,-3.0,0.0,8.7,1.3
35,2016-02-05,4.5,11.8,-2.1,0.0,9.6,1.3
36,2016-02-06,5.0,7.8,2.0,0.0,1.7,1.8
37,2016-02-07,3.2,8.0,-0.9,0.0,9.0,1.7
38,2016-02-08,1.9,9.4,-3.0,0.0,5.1,1.3
39,2016-02-09,4.6,13.6,-3.1,0.0,8.6,2.2
40,2016-02-10,4.1,8.5,-0.4,0.0,10.3,3.9
41,2016-02-11,2.7,9.5,-3.4,0.0,10.2,1.0
42,2016-02-12,5.1,11.3,-2.7,0.0,3.1,1.2
43,2016-02-13,12.8,19.1,6.5,0.0,4.0,2.4
44,2016-02-14,17.3,21.3,12.6,12.0,4.5,4.7
45,2016-02-15,6.0,12.6,1.0,6.5,0.1,1.5
46,2016-02-16,3.0,9.4,-2.5,0.0,8.8,1.7
47,2016-02-17,4.0,11.1,-1.9,0.0,7.7,1.7
48,2016-02-18,2.9,10.1,-3.4,0.0,7.9,1.3
49,2016-02-19,7.6,16.0,-0.5,0.0,9.1,1.5
50,2016-02-20,6.9,9.6,3.8,27.0,0.7,1.4
51,2016-02-21,8.6,14.5,2.5,0.0,2.7,2.0
52,2016-02-22,4.8,8.7,1.0,3.5,1.5,1.6
53,2016-02-23,5.3,9.6,2.0,1.0,1.5,1.3
54,2016-02-24,3.9,6.2,0.8,0.0,0.9,1.7
55,2016-02-25,2.8,7.7,-0.8,0.0,8.7,1.4
56,2016-02-26,3.8,10.9,-2.1,0.0,10.8,1.5
57,2016-02-27,5.3,11.7,-1.5,0.0,9.2,1.8
58,2016-02-28,6.0,11.7,0.0,0.0,8.8,2.1
59,2016-02-29,6.7,14.3,2.7,1.5,1.4,1.7
60,2016-03-01,3.7,8.0,0.5,0.0,11.0,3.1
61,2016-03-02,4.3,11.4,-2.9,0.0,10.8,1.3
62,2016-03-03,7.0,16.4,-1.7,0.0,10.8,1.4
63,2016-03-04,7.1,13.4,0.8,0.0,10.1,1.8
64,2016-03-05,8.8,14.3,4.7,0.0,3.2,1.7
65,2016-03-06,12.5,17.9,7.6,2.0,2.2,2.3
66,2016-03-07,13.9,15.5,11.5,23.5,0.0,1.6
67,2016-03-08,14.2,20.9,10.2,0.0,4.6,1.1
68,2016-03-09,7.1,12.8,3.0,14.5,0.0,2.2
69,2016-03-10,4.9,7.3,2.6,0.5,0.0,2.0
70,2016-03-11,3.6,5.3,2.2,0.0,0.0,1.4
71,2016-03-12,4.6,7.7,0.6,0.0,1.1,1.8
72,2016-03-13,5.6,8.0,3.0,0.0,0.0,1.6
73,2016-03-14,4.9,6.9,3.4,31.0,0.0,2.1
74,2016-03-15,6.7,12.6,1.6,1.5,11.5,2.4
75,2016-03-16,6.7,13.9,-0.5,0.0,3.0,1.2
76,2016-03-17,10.8,20.5,2.6,0.0,11.4,1.3
77,2016-03-18,13.0,19.9,4.5,0.5,8.7,3.1
78,2016-03-19,14.0,16.8,11.7,14.5,0.0,1.6
79,2016-03-20,10.9,15.4,8.5,0.0,7.1,1.8
80,2016-03-21,8.1,12.0,5.3,0.0,5.0,1.8
81,2016-03-22,9.3,16.1,2.5,0.0,7.8,1.8
82,2016-03-23,8.9,15.0,4.9,0.0,0.8,2.0
83,2016-03-24,5.1,8.9,2.0,0.5,1.8,1.8
84,2016-03-25,5.6,11.5,-1.0,0.0,9.6,1.7
85,2016-03-26,6.0,11.4,1.7,0.0,4.7,1.5
86,2016-03-27,8.1,13.9,2.9,0.0,3.7,1.7
87,2016-03-28,9.9,14.7,6.7,0.0,1.6,1.5
88,2016-03-29,10.9,17.1,4.4,0.0,9.4,2.1
89,2016-03-30,13.3,18.6,7.9,0.0,4.6,2.1
90,2016-03-31,12.7,20.4,5.2,0.0,9.7,1.8
91,2016-04-01,11.1,15.9,8.4,0.0,5.6,2.5
92,2016-04-02,9.7,12.4,7.2,0.0,0.0,1.7
93,2016-04-03,13.1,18.2,8.8,0.5,0.1,2.1
94,2016-04-04,14.2,21.4,9.2,4.0,1.2,2.8
95,2016-04-05,9.7,11.7,7.0,1.0,0.0,1.3
96,2016-04-06,12.6,21.1,4.1,0.0,8.9,1.5
97,2016-04-07,12.1,12.9,11.1,32.0,0.0,1.5
98,2016-04-08,13.8,20.3,9.2,0.0,4.7,1.8
99,2016-04-09,15.7,22.7,8.2,0.0,7.2,2.1
100,2016-04-10,14.8,23.7,9.4,0.0,4.5,1.6
101,2016-04-11,10.1,16.2,4.6,0.0,5.6,2.3
102,2016-04-12,8.8,14.5,1.0,0.0,11.6,1.9
103,2016-04-13,14.0,20.7,10.3,0.0,1.0,1.8
104,2016-04-14,14.4,17.7,12.7,18.5,0.9,1.5
105,2016-04-15,14.6,19.5,6.9,0.0,11.7,3.0
106,2016-04-16,14.1,19.3,6.6,0.0,2.4,2.3
107,2016-04-17,18.2,20.9,15.5,3.0,1.8,5.7
108,2016-04-18,17.3,25.4,12.1,0.5,5.4,3.0
109,2016-04-19,14.7,22.3,8.9,4.0,9.9,1.8
110,2016-04-20,13.0,18.3,6.6,0.0,12.0,2.2
111,2016-04-21,15.7,20.7,11.6,5.0,0.1,2.7
112,2016-04-22,14.8,19.7,12.4,0.0,5.2,2.8
113,2016-04-23,17.0,23.1,12.1,0.0,2.8,1.6
114,2016-04-24,14.5,18.5,11.0,8.0,3.8,1.9
115,2016-04-25,16.4,22.1,12.2,0.0,6.3,1.8
116,2016-04-26,18.0,24.9,11.1,0.0,9.5,1.5
117,2016-04-27,15.2,19.0,12.8,0.0,1.9,2.3
118,2016-04-28,13.1,14.5,11.9,19.0,0.0,1.9
119,2016-04-29,14.6,18.6,10.0,0.0,11.8,3.8
120,2016-04-30,14.9,21.5,8.9,0.0,12.5,2.8
121,2016-05-01,16.3,25.4,9.5,0.0,9.9,1.7
122,2016-05-02,15.7,20.8,11.4,0.0,3.2,2.0
123,2016-05-03,20.0,25.6,15.6,0.0,6.9,3.3
124,2016-05-04,20.5,25.5,14.6,10.5,8.4,4.9
125,2016-05-05,20.2,27.2,14.5,0.0,12.8,1.7
126,2016-05-06,17.2,22.6,12.9,2.5,2.3,2.2
127,2016-05-07,19.9,23.9,15.8,0.0,11.2,3.5
128,2016-05-08,19.4,25.2,14.2,0.0,11.5,2.0
129,2016-05-09,17.7,21.7,15.2,12.0,0.1,2.2
130,2016-05-10,17.2,22.9,14.3,15.0,0.2,2.3
131,2016-05-11,20.2,24.7,14.3,4.0,1.2,4.7
132,2016-05-12,19.6,26.3,14.5,0.0,13.1,1.8
133,2016-05-13,20.0,26.8,13.7,0.0,11.8,1.6
134,2016-05-14,17.3,22.2,12.2,0.0,10.2,2.3
135,2016-05-15,15.7,21.1,11.7,0.0,11.1,2.1
136,2016-05-16,18.4,25.6,11.6,0.0,4.3,2.4
137,2016-05-17,17.3,20.1,13.0,23.5,0.0,1.9
138,2016-05-18,17.1,24.3,11.5,0.0,12.1,1.7
139,2016-05-19,17.1,22.8,11.0,0.0,11.2,2.1
140,2016-05-20,15.6,18.8,12.6,0.0,2.4,1.8
141,2016-05-21,16.8,23.6,10.1,0.0,10.7,1.7
142,2016-05-22,19.2,28.5,14.1,0.0,12.7,1.9
143,2016-05-23,21.4,30.5,12.7,0.0,12.6,1.5
144,2016-05-24,22.5,30.5,14.8,0.0,8.4,2.2
145,2016-05-25,21.7,24.5,19.9,0.0,1.0,3.7
146,2016-05-26,22.6,27.0,19.5,0.0,1.9,3.3
147,2016-05-27,18.1,21.6,14.0,26.0,0.1,2.1
148,2016-05-28,18.0,23.1,13.5,0.0,0.8,1.1
149,2016-05-29,21.0,28.5,13.8,0.0,9.8,1.6
150,2016-05-30,16.9,19.9,15.4,5.5,0.0,1.3
151,2016-05-31,20.1,26.4,15.3,0.0,5.0,1.9
152,2016-06-01,20.9,26.7,17.0,0.0,6.6,1.7
153,2016-06-02,18.9,24.8,13.2,0.0,11.6,1.8
154,2016-06-03,18.0,24.4,10.4,0.0,12.0,2.0
155,2016-06-04,20.8,26.4,14.8,0.0,8.5,3.5
156,2016-06-05,19.3,23.3,16.1,0.5,4.2,2.1
157,2016-06-06,18.4,22.0,16.1,0.0,2.2,2.0
158,2016-06-07,18.9,21.5,16.1,0.0,0.0,1.2
159,2016-06-08,21.0,24.7,17.4,0.0,1.7,1.7
160,2016-06-09,21.0,24.3,19.0,22.5,0.6,1.4
161,2016-06-10,23.0,28.2,18.7,0.0,12.3,1.7
162,2016-06-11,22.7,29.6,16.3,0.0,10.5,1.9
163,2016-06-12,22.8,27.7,18.7,0.0,6.5,2.1
164,2016-06-13,19.3,21.4,18.0,53.5,0.0,2.9
165,2016-06-14,20.5,24.7,16.2,0.0,9.0,2.4
166,2016-06-15,19.5,20.9,18.4,0.0,0.0,2.0
167,2016-06-16,21.1,23.6,18.7,2.0,0.0,1.9
168,2016-06-17,23.8,30.2,18.6,2.5,8.6,1.8
169,2016-06-18,24.9,31.7,19.1,0.0,13.2,1.5
170,2016-06-19,23.9,29.5,19.8,1.5,4.9,2.0
171,2016-06-20,23.9,29.2,20.0,0.5,6.7,1.6
172,2016-06-21,22.1,25.3,19.9,3.0,2.8,1.1
173,2016-06-22,21.3,23.2,19.8,1.0,0.0,1.6
174,2016-06-23,21.8,25.7,19.5,7.5,1.0,1.3
175,2016-06-24,21.6,24.2,19.3,1.0,0.3,1.6
176,2016-06-25,24.1,26.9,21.2,2.0,0.0,3.1
177,2016-06-26,24.3,30.0,20.4,0.0,7.4,1.7
178,2016-06-27,23.2,28.9,18.3,0.0,10.1,1.9
179,2016-06-28,18.5,21.2,16.3,17.5,0.0,1.1
180,2016-06-29,20.7,24.4,18.6,0.0,0.1,1.2
181,2016-06-30,22.6,26.6,19.9,0.0,0.9,1.3
182,2016-07-01,24.4,30.1,20.6,0.0,5.1,1.6
183,2016-07-02,25.6,30.5,21.7,0.0,6.6,2.2
184,2016-07-03,27.8,33.2,23.7,0.0,8.4,2.7
185,2016-07-04,26.3,32.4,22.4,0.0,8.6,1.7
186,2016-07-05,20.3,22.9,19.1,0.0,0.0,1.7
187,2016-07-06,22.2,27.3,18.9,0.0,3.4,1.6
188,2016-07-07,24.8,32.9,21.0,0.0,13.1,2.3
189,2016-07-08,24.4,29.6,20.2,0.0,3.0,1.5
190,2016-07-09,22.3,23.8,20.6,7.5,0.0,1.8
191,2016-07-10,25.2,32.0,19.1,0.0,12.2,1.6
192,2016-07-11,26.4,32.4,20.9,0.0,12.7,1.7
193,2016-07-12,25.5,29.9,22.7,0.0,7.2,2.0
194,2016-07-13,24.9,27.2,23.0,1.5,0.1,1.0
195,2016-07-14,24.9,31.9,20.5,25.0,3.1,1.6
196,2016-07-15,21.3,23.2,20.5,15.5,0.0,1.6
197,2016-07-16,22.5,26.4,18.2,0.0,1.3,1.5
198,2016-07-17,25.4,29.1,22.5,0.0,0.7,1.3
199,2016-07-18,26.8,31.7,23.9,0.0,8.8,1.8
200,2016-07-19,26.6,31.7,22.3,0.0,11.8,1.7
201,2016-07-20,24.8,28.9,21.8,61.5,6.4,2.0
202,2016-07-21,21.2,22.5,20.7,8.0,0.0,1.4
203,2016-07-22,21.1,23.7,19.7,1.0,0.1,1.5
204,2016-07-23,20.9,25.3,17.7,0.0,2.9,1.6
205,2016-07-24,22.0,27.3,17.0,0.0,8.7,1.6
206,2016-07-25,23.5,28.5,19.0,0.0,4.7,1.5
207,2016-07-26,22.7,25.1,21.0,0.5,0.0,1.3
208,2016-07-27,24.0,27.9,21.9,1.5,0.2,1.9
209,2016-07-28,26.0,31.5,21.9,0.0,8.7,2.0
210,2016-07-29,26.3,32.2,22.0,0.0,11.9,1.9
211,2016-07-30,26.0,31.9,20.4,0.0,10.3,1.4
212,2016-07-31,25.8,29.4,22.2,0.0,5.6,1.8
213,2016-08-01,26.3,31.0,23.8,0.0,6.9,2.0
214,2016-08-02,25.6,29.2,23.6,1.5,2.9,1.6
215,2016-08-03,26.5,31.8,23.6,0.5,5.7,1.6
216,2016-08-04,27.4,34.0,23.1,0.0,8.9,1.5
217,2016-08-05,28.3,34.1,23.7,0.0,12.8,1.9
218,2016-08-06,28.2,34.3,24.4,0.0,10.9,1.7
219,2016-08-07,27.0,31.5,22.9,0.0,11.9,1.9
220,2016-08-08,27.1,31.9,23.3,0.0,2.9,2.7
221,2016-08-09,29.9,35.8,24.6,0.0,8.8,2.1
222,2016-08-10,27.0,31.5,23.8,0.0,10.2,2.0
223,2016-08-11,25.3,29.3,22.7,0.0,4.4,1.6
224,2016-08-12,24.9,30.5,21.6,0.0,8.2,1.6
225,2016-08-13,24.6,29.9,21.6,0.0,7.6,1.6
226,2016-08-14,24.1,29.2,21.7,0.0,5.4,1.6
227,2016-08-15,26.4,30.6,22.5,0.0,2.9,1.9
228,2016-08-16,26.1,31.4,22.3,16.0,4.3,2.3
229,2016-08-17,27.7,32.9,22.6,32.5,9.1,3.9
230,2016-08-18,26.3,29.6,24.3,15.5,0.5,1.4
231,2016-08-19,26.1,30.1,23.7,0.0,6.0,1.9
232,2016-08-20,25.5,29.3,22.9,57.5,1.7,1.7
233,2016-08-21,27.1,32.7,23.4,0.0,6.4,1.9
234,2016-08-22,25.4,26.4,22.6,83.5,0.0,4.0
235,2016-08-23,26.4,31.2,22.2,0.0,2.9,1.9
236,2016-08-24,25.0,30.0,21.6,0.0,6.9,1.6
237,2016-08-25,26.6,32.4,22.2,0.0,10.3,1.7
238,2016-08-26,27.0,33.3,21.9,0.0,10.3,1.5
239,2016-08-27,22.8,25.5,20.5,0.0,0.1,1.9
240,2016-08-28,21.8,24.3,19.9,1.0,0.0,1.8
241,2016-08-29,25.5,29.3,21.6,7.0,3.5,2.2
242,2016-08-30,24.6,28.6,21.7,21.0,0.6,3.3
243,2016-08-31,25.9,30.5,21.7,0.0,12.2,3.5
244,2016-09-01,25.8,31.2,21.2,0.0,11.2,1.4
245,2016-09-02,25.0,30.1,21.3,0.0,6.1,1.6
246,2016-09-03,25.5,29.8,22.1,0.0,5.3,1.8
247,2016-09-04,26.1,30.4,23.4,0.0,4.4,1.6
248,2016-09-05,26.8,31.9,22.3,8.5,8.3,1.5
249,2016-09-06,27.6,31.8,24.1,0.0,9.6,2.6
250,2016-09-07,24.8,28.0,23.3,8.0,1.5,2.0
251,2016-09-08,26.1,31.0,23.2,2.0,2.7,2.2
252,2016-09-09,25.9,31.0,22.4,0.0,5.9,1.4
253,2016-09-10,25.0,29.9,21.5,0.0,7.1,1.6
254,2016-09-11,21.9,24.4,20.6,6.0,0.1,1.6
255,2016-09-12,23.1,26.8,20.8,0.5,0.2,1.4
256,2016-09-13,22.2,24.4,20.8,19.5,0.0,1.2
257,2016-09-14,22.6,25.7,20.1,0.0,0.1,1.2
258,2016-09-15,23.1,26.2,21.1,13.5,0.4,1.0
259,2016-09-16,22.1,25.0,20.2,0.5,0.0,1.0
260,2016-09-17,24.3,29.5,19.9,0.0,6.4,1.0
261,2016-09-18,23.7,25.7,21.8,7.0,0.0,2.0
262,2016-09-19,20.6,22.2,18.7,32.0,0.0,1.7
263,2016-09-20,18.7,20.4,17.0,78.0,0.0,2.3
264,2016-09-21,19.5,23.3,17.1,0.5,0.1,1.5
265,2016-09-22,18.8,20.1,17.6,42.0,0.0,1.8
266,2016-09-23,20.1,21.2,18.5,7.0,0.0,0.8
267,2016-09-24,21.0,23.3,19.7,2.0,0.0,1.2
268,2016-09-25,22.8,27.4,19.3,0.0,5.2,1.2
269,2016-09-26,23.9,29.5,21.1,0.5,2.3,1.1
270,2016-09-27,24.0,28.4,21.8,0.0,1.8,1.2
271,2016-09-28,25.6,30.1,23.2,0.0,0.9,1.4
272,2016-09-29,23.0,26.2,20.1,0.0,0.3,1.3
273,2016-09-30,20.1,23.6,17.5,0.0,2.7,1.3
274,2016-10-01,18.7,19.9,16.9,3.0,0.0,1.1
275,2016-10-02,22.0,27.7,17.7,0.0,8.9,1.2
276,2016-10-03,21.4,25.5,19.4,4.5,0.0,1.1
277,2016-10-04,23.3,29.8,18.7,0.0,6.9,1.2
278,2016-10-05,21.7,25.8,18.1,0.5,2.7,1.9
279,2016-10-06,24.4,31.1,19.7,0.0,8.6,2.7
280,2016-10-07,19.4,23.4,15.1,0.0,7.8,1.7
281,2016-10-08,19.6,24.1,17.1,7.0,0.4,1.6
282,2016-10-09,21.7,25.0,17.1,20.0,0.0,2.6
283,2016-10-10,16.8,18.9,15.4,0.0,0.0,1.4
284,2016-10-11,16.2,19.8,14.2,0.0,0.9,1.5
285,2016-10-12,16.4,23.2,11.3,0.0,8.8,1.2
286,2016-10-13,14.9,16.7,13.4,0.0,0.2,1.3
287,2016-10-14,14.1,19.3,9.3,0.0,4.5,1.0
288,2016-10-15,14.4,23.0,7.7,0.0,10.8,1.2
289,2016-10-16,16.0,24.1,9.0,0.0,7.5,1.3
290,2016-10-17,16.3,18.8,15.1,15.5,0.2,1.2
291,2016-10-18,20.1,26.1,16.0,2.5,6.6,1.2
292,2016-10-19,19.3,22.6,16.6,0.0,3.3,1.4
293,2016-10-20,20.7,27.6,15.4,0.0,10.3,1.6
294,2016-10-21,15.7,20.1,11.2,0.0,6.7,1.4
295,2016-10-22,15.0,17.5,11.6,0.0,0.1,1.4
296,2016-10-23,16.2,21.4,12.4,0.0,6.3,1.4
297,2016-10-24,12.9,18.3,8.9,0.0,10.4,1.2
298,2016-10-25,11.9,18.2,6.2,0.5,4.1,1.0
299,2016-10-26,18.1,25.9,11.8,0.0,8.9,1.3
300,2016-10-27,17.0,22.9,10.5,0.0,9.9,1.3
301,2016-10-28,10.6,12.1,8.5,27.5,0.0,1.3
302,2016-10-29,14.4,19.8,11.0,0.0,1.1,1.6
303,2016-10-30,10.5,12.7,8.4,0.0,0.0,1.2
304,2016-10-31,12.7,17.3,7.6,0.0,4.3,1.1
305,2016-11-01,12.2,15.8,10.6,9.5,3.3,1.3
306,2016-11-02,9.6,10.8,8.3,1.5,0.0,1.6
307,2016-11-03,11.4,18.0,6.6,4.0,8.9,1.6
308,2016-11-04,11.5,18.6,4.9,0.0,9.1,1.3
309,2016-11-05,12.8,19.9,8.7,0.0,5.8,1.4
310,2016-11-06,12.1,19.5,6.5,0.0,7.8,1.4
311,2016-11-07,8.4,13.4,5.4,0.0,8.6,1.6
312,2016-11-08,8.0,11.8,3.5,2.0,2.4,1.1
313,2016-11-09,9.4,12.9,7.4,5.0,6.0,3.3
314,2016-11-10,8.0,11.1,4.0,0.0,0.5,1.6
315,2016-11-11,8.6,11.1,5.5,49.5,0.0,2.1
316,2016-11-12,12.4,18.0,8.4,0.5,4.5,1.2
317,2016-11-13,12.2,19.7,5.7,0.0,9.1,1.0
318,2016-11-14,12.8,16.1,9.4,6.5,0.0,1.1
319,2016-11-15,14.4,18.4,11.0,0.5,1.0,1.2
320,2016-11-16,10.8,15.1,5.2,0.0,4.7,1.2
321,2016-11-17,10.4,16.3,5.9,0.0,8.3,1.1
322,2016-11-18,8.8,15.6,2.5,0.0,8.3,0.9
323,2016-11-19,8.5,10.8,6.7,14.5,0.0,1.1
324,2016-11-20,11.1,17.2,5.4,0.0,3.7,1.1
325,2016-11-21,11.0,13.9,8.6,0.0,0.0,1.4
326,2016-11-22,12.7,17.9,9.8,0.5,6.1,1.3
327,2016-11-23,9.7,13.0,5.4,0.5,0.0,1.5
328,2016-11-24,1.0,5.8,-0.5,19.5,0.0,1.6
329,2016-11-25,3.1,9.6,-1.8,0.0,9.3,1.2
330,2016-11-26,6.6,13.3,-0.2,0.0,7.1,1.4
331,2016-11-27,9.2,11.7,6.8,7.0,0.0,1.2
332,2016-11-28,9.9,13.9,7.0,8.5,3.6,1.5
333,2016-11-29,8.6,13.3,4.5,0.0,6.4,2.2
334,2016-11-30,6.7,11.0,0.9,0.0,6.0,1.3
335,2016-12-01,8.3,12.7,4.9,11.5,0.3,1.5
336,2016-12-02,9.9,15.4,5.1,0.5,8.8,2.0
337,2016-12-03,9.0,15.5,2.4,0.0,6.1,1.1
338,2016-12-04,10.7,16.8,6.1,0.0,6.9,1.2
339,2016-12-05,11.2,16.8,8.0,1.5,7.6,1.2
340,2016-12-06,9.4,16.3,3.2,0.0,8.4,2.7
341,2016-12-07,5.5,9.8,2.5,0.0,2.9,1.1
342,2016-12-08,5.8,12.6,-0.2,0.0,8.5,1.4
343,2016-12-09,8.4,16.9,1.5,0.0,9.3,1.6
344,2016-12-10,6.8,11.2,2.5,0.0,9.3,2.4
345,2016-12-11,4.4,10.1,-0.9,0.0,9.1,1.7
346,2016-12-12,4.0,10.2,-2.3,0.0,8.3,1.0
347,2016-12-13,8.0,14.7,2.6,2.5,2.7,1.2
348,2016-12-14,6.4,8.2,2.1,33.5,0.2,1.6
349,2016-12-15,4.1,9.4,-1.5,0.0,4.8,1.8
350,2016-12-16,2.5,9.0,-2.3,0.0,6.8,2.3
351,2016-12-17,5.4,13.0,-2.1,0.0,9.4,1.7
352,2016-12-18,5.2,12.1,-0.7,0.0,7.9,1.0
353,2016-12-19,6.7,14.5,0.3,0.0,8.4,1.0
354,2016-12-20,7.3,14.5,3.2,0.0,4.7,1.1
355,2016-12-21,7.9,17.0,1.7,0.0,8.2,0.9
356,2016-12-22,13.1,19.5,4.1,4.5,2.5,2.6
357,2016-12-23,13.3,18.9,7.8,5.5,1.5,3.0
358,2016-12-24,6.9,11.1,2.4,0.0,9.0,2.6
359,2016-12-25,4.1,10.0,0.1,0.0,4.8,1.0
360,2016-12-26,4.6,9.9,-0.7,0.0,2.9,1.1
361,2016-12-27,8.8,17.8,4.2,11.5,0.0,2.1
362,2016-12-28,4.1,8.5,-1.4,0.5,8.9,1.8
363,2016-12-29,1.7,6.6,-1.8,0.0,4.0,1.1
364,2016-12-30,3.6,8.5,-1.3,0.0,9.5,2.4
365,2016-12-31,3.9,11.6,-1.9,0.0,9.2,1.2
366,2017-01-01,4.9,13.0,-1.5,0.0,9.3,1.2
367,2017-01-02,4.7,12.3,-0.4,0.0,5.7,1.0
368,2017-01-03,5.2,12.8,-0.7,0.0,9.2,1.8
369,2017-01-04,6.6,13.3,-0.1,0.0,8.9,2.0
370,2017-01-05,5.0,9.3,-1.0,0.0,9.1,2.5
371,2017-01-06,1.1,7.3,-4.2,0.0,8.2,0.9
372,2017-01-07,1.3,8.7,-4.4,0.0,9.2,0.8
373,2017-01-08,2.1,6.1,-2.5,17.0,0.0,1.7
374,2017-01-09,5.6,9.9,2.1,9.0,1.6,2.5
375,2017-01-10,7.0,12.1,1.4,0.0,9.3,2.2
376,2017-01-11,5.0,10.4,-0.3,0.0,9.4,1.4
377,2017-01-12,3.3,11.1,-2.6,0.0,9.2,1.4
378,2017-01-13,3.5,11.4,-1.8,0.0,8.3,1.2
379,2017-01-14,0.3,6.1,-3.7,0.0,5.1,1.5
380,2017-01-15,-0.5,3.9,-4.1,0.0,9.2,3.0
381,2017-01-16,1.4,6.5,-5.4,0.0,9.7,2.8
382,2017-01-17,3.3,9.3,-1.4,0.0,9.5,1.5
383,2017-01-18,2.7,9.4,-3.4,0.0,9.3,1.0
384,2017-01-19,3.9,10.6,-0.9,0.0,6.1,1.3
385,2017-01-20,0.5,2.0,-1.3,1.0,0.0,1.8
386,2017-01-21,3.8,9.9,-0.4,0.0,7.7,1.9
387,2017-01-22,4.2,12.0,-1.5,0.0,9.3,1.4
388,2017-01-23,2.6,6.3,-1.5,0.0,8.5,3.1
389,2017-01-24,1.3,6.1,-2.7,0.0,9.5,2.9
390,2017-01-25,1.8,8.0,-4.8,0.0,9.8,2.2
391,2017-01-26,2.2,9.4,-3.9,0.0,9.8,1.2
392,2017-01-27,5.1,14.7,-2.8,0.0,4.9,2.1
393,2017-01-28,5.1,12.5,-1.5,0.0,8.9,1.0
394,2017-01-29,6.3,11.9,1.2,0.0,3.1,1.1
395,2017-01-30,9.8,17.4,5.1,0.0,7.5,1.9
396,2017-01-31,4.5,8.8,0.5,0.0,9.9,2.8
397,2017-02-01,4.5,10.1,1.1,0.0,4.3,1.7
398,2017-02-02,2.8,7.9,-1.5,0.0,10.2,3.7
399,2017-02-03,5.5,11.1,-1.3,0.0,10.2,3.1
400,2017-02-04,5.3,12.0,-0.9,0.0,10.2,1.3
401,2017-02-05,5.1,8.9,0.7,0.0,2.7,1.2
402,2017-02-06,7.8,14.0,3.6,0.0,8.5,3.5
403,2017-02-07,4.3,8.2,1.0,0.0,9.9,4.3
404,2017-02-08,4.7,9.7,1.2,0.0,9.5,2.4
405,2017-02-09,1.3,2.8,0.1,7.5,0.0,1.7
406,2017-02-10,3.4,8.2,-0.2,0.5,4.3,2.2
407,2017-02-11,3.0,8.6,-1.7,0.0,8.2,2.2
408,2017-02-12,4.6,9.6,0.9,0.0,10.5,3.7
409,2017-02-13,4.0,10.4,-3.0,0.0,10.1,1.6
410,2017-02-14,3.8,9.9,-1.5,0.0,9.9,1.6
411,2017-02-15,4.7,11.4,-0.9,0.0,10.5,1.9
412,2017-02-16,5.1,13.2,-2.6,0.0,10.2,1.3
413,2017-02-17,11.0,18.8,1.3,0.0,9.8,3.4
414,2017-02-18,6.5,9.6,4.4,0.0,0.8,1.5
415,2017-02-19,3.9,9.8,-0.6,0.5,10.4,2.4
416,2017-02-20,8.0,18.5,-1.3,14.5,6.7,3.0
417,2017-02-21,4.2,7.4,0.4,0.0,10.6,4.5
418,2017-02-22,5.2,9.4,-2.5,0.0,4.6,1.8
419,2017-02-23,11.2,14.1,7.2,2.5,1.4,2.9
420,2017-02-24,6.8,10.5,3.5,0.0,6.3,3.0
421,2017-02-25,6.1,12.3,2.1,0.0,6.5,1.5
422,2017-02-26,7.0,12.9,1.6,0.0,8.6,1.4
423,2017-02-27,4.5,7.7,0.7,0.0,1.2,1.8
424,2017-02-28,2.8,7.9,-1.1,0.0,4.0,1.5
425,2017-03-01,4.6,11.6,-2.0,3.0,8.6,1.4
426,2017-03-02,6.3,8.2,4.8,10.0,0.0,1.2
427,2017-03-03,7.2,14.8,1.0,0.0,10.3,2.1
428,2017-03-04,6.5,13.8,-0.7,0.0,9.1,1.6
429,2017-03-05,7.6,14.5,0.5,0.0,6.0,1.7
430,2017-03-06,7.7,11.0,5.1,1.5,0.2,1.0
431,2017-03-07,4.0,9.4,-0.7,2.5,1.6,1.5
432,2017-03-08,3.5,10.5,-2.5,0.0,7.8,1.4
433,2017-03-09,5.1,13.2,-2.4,0.0,11.3,1.4
434,2017-03-10,6.9,13.8,0.2,0.0,9.5,1.8
435,2017-03-11,5.0,11.3,-0.3,0.0,9.9,1.3
436,2017-03-12,5.4,11.8,-1.3,0.0,10.3,1.4
437,2017-03-13,7.2,12.4,4.7,5.5,0.6,1.4
438,2017-03-14,7.2,10.4,5.4,4.0,0.0,2.5
439,2017-03-15,3.8,6.1,1.5,8.0,0.0,2.3
440,2017-03-16,6.5,13.9,-0.6,0.0,9.4,1.5
441,2017-03-17,7.1,13.1,0.2,0.0,9.1,1.6
442,2017-03-18,8.7,14.5,2.2,0.0,9.4,1.8
443,2017-03-19,10.0,16.8,2.6,0.0,10.4,2.3
444,2017-03-20,10.8,16.6,4.5,0.0,10.0,1.9
445,2017-03-21,8.7,10.2,6.4,11.5,0.0,2.0
446,2017-03-22,8.5,13.9,5.1,0.5,9.1,2.6
447,2017-03-23,7.5,13.8,1.1,0.0,5.6,1.4
448,2017-03-24,6.9,12.5,1.0,0.0,8.3,2.1
449,2017-03-25,5.2,11.8,-1.6,0.0,11.5,1.6
450,2017-03-26,6.2,8.0,4.0,8.5,0.0,1.6
451,2017-03-27,3.8,6.1,0.9,34.5,0.2,2.6
452,2017-03-28,6.4,13.2,-0.6,0.0,9.6,1.4
453,2017-03-29,7.5,13.6,1.8,0.0,9.4,1.5
454,2017-03-30,10.1,18.0,3.0,0.0,10.3,1.5
455,2017-03-31,7.5,10.7,4.8,4.5,1.6,1.4
456,2017-04-01,5.5,8.4,3.0,4.5,0.0,2.0
457,2017-04-02,6.8,12.5,2.6,0.0,9.2,1.6
458,2017-04-03,8.1,15.7,3.3,3.0,7.5,1.8
459,2017-04-04,9.1,15.4,2.3,0.0,11.2,1.7
460,2017-04-05,12.7,19.1,5.1,0.0,9.5,2.3
461,2017-04-06,15.7,19.7,10.9,1.0,8.3,4.2
462,2017-04-07,16.3,19.1,14.6,4.5,2.8,4.2
463,2017-04-08,13.5,16.6,11.1,14.0,0.0,2.0
464,2017-04-09,12.4,14.6,8.8,14.0,0.0,1.5
465,2017-04-10,8.7,14.1,4.4,0.0,7.6,1.6
466,2017-04-11,8.5,11.9,4.1,41.0,0.0,1.9
467,2017-04-12,13.4,20.0,7.1,0.0,8.6,2.2
468,2017-04-13,11.1,16.7,6.0,0.0,8.2,1.9
469,2017-04-14,13.6,21.5,4.4,0.0,11.6,2.1
470,2017-04-15,17.0,21.5,12.5,0.0,6.7,3.3
471,2017-04-16,17.7,25.7,8.8,0.0,12.0,2.2
472,2017-04-17,16.8,24.2,11.5,9.5,4.4,2.5
473,2017-04-18,18.3,23.4,13.0,15.0,4.5,3.8
474,2017-04-19,16.2,23.8,10.9,0.0,11.2,3.3
475,2017-04-20,14.0,19.3,10.4,0.0,7.4,2.6
476,2017-04-21,14.3,18.3,11.3,0.0,0.0,1.1
477,2017-04-22,13.1,18.5,9.3,1.5,0.7,1.5
478,2017-04-23,12.1,17.6,7.7,0.0,11.0,1.7
479,2017-04-24,12.4,17.8,7.6,0.0,5.8,1.7
480,2017-04-25,14.8,21.3,7.8,0.0,11.4,2.3
481,2017-04-26,15.8,18.7,12.0,0.0,0.5,3.5
482,2017-04-27,13.5,16.4,10.4,1.5,5.1,2.1
483,2017-04-28,14.2,20.5,9.8,0.0,7.2,1.7
484,2017-04-29,14.6,22.2,8.4,1.0,11.2,2.0
485,2017-04-30,16.6,25.1,7.9,0.0,12.6,2.0
486,2017-05-01,15.4,24.1,9.1,8.0,7.7,1.4
487,2017-05-02,14.0,21.8,6.7,0.0,12.8,1.5
488,2017-05-03,15.8,22.7,8.6,0.0,9.5,2.0
489,2017-05-04,17.3,22.8,11.8,0.0,9.8,2.1
490,2017-05-05,18.5,25.6,12.0,0.0,12.4,1.7
491,2017-05-06,20.2,26.2,14.3,0.0,10.8,2.8
492,2017-05-07,18.6,23.4,12.3,0.0,2.3,2.2
493,2017-05-08,19.5,27.3,10.4,0.0,12.5,1.9
494,2017-05-09,17.5,21.4,13.3,0.0,0.3,1.7
495,2017-05-10,15.2,16.5,14.1,8.5,0.0,0.9
496,2017-05-11,20.0,26.9,14.4,0.0,8.5,1.2
497,2017-05-12,20.1,27.1,15.8,0.0,7.2,2.1
498,2017-05-13,17.0,19.0,15.5,24.0,0.0,2.1
499,2017-05-14,16.3,18.9,13.8,0.0,0.0,1.9
500,2017-05-15,16.3,19.9,14.1,0.0,0.0,1.4
501,2017-05-16,17.8,22.3,14.7,0.0,5.0,1.7
502,2017-05-17,15.4,17.9,13.1,0.0,0.8,1.5
503,2017-05-18,17.5,22.1,13.5,0.0,5.2,1.5
504,2017-05-19,18.9,26.5,12.6,0.0,9.6,1.5
505,2017-05-20,21.5,30.0,14.5,0.0,12.9,1.5
506,2017-05-21,23.2,31.9,15.8,0.0,12.5,1.8
507,2017-05-22,22.8,28.3,18.0,0.0,13.0,2.6
508,2017-05-23,22.2,26.8,18.6,0.0,12.8,3.2
509,2017-05-24,21.9,26.3,18.6,0.0,4.4,2.3
510,2017-05-25,19.3,22.6,16.8,1.0,0.0,1.3
511,2017-05-26,17.2,20.3,16.2,11.0,0.6,1.9
512,2017-05-27,18.3,23.5,15.5,0.0,7.0,2.2
513,2017-05-28,19.7,26.3,14.7,0.0,7.3,1.6
514,2017-05-29,21.0,27.5,15.2,0.0,11.9,1.7
515,2017-05-30,22.5,29.6,15.5,0.0,12.2,1.7
516,2017-05-31,22.9,27.0,20.3,0.0,4.6,2.5
