visit_date,air_store_id,Friday,Monday,Saturday,Sunday,Thursday,Tuesday,Wednesday,avg_temperature1,high_temperature1,holiday_flg,hours_sunlight1,low_temperature1,train_ind,visitors,Italian/French,Fukuoka-ken Fukuoka-shi Daimyō,total_area_visitors,total_genre_visitors
2016-01-02,air_63a750d8b4b6a976,0,0,1,0,0,0,0,-0.6490967876896143,-0.7397316944339702,1.0,-1.117981468868045,-0.6367408190265431,1,20.0,1,1,-1.9094140730301983,-1.909414073030198
2016-01-03,air_63a750d8b4b6a976,0,0,0,1,0,0,0,-0.6490967876896143,-0.680455682771185,1.0,-0.9189097098511061,-0.61259517254742,1,13.0,1,1,-1.7732154132812794,-1.773215413281279
2016-01-04,air_63a750d8b4b6a976,0,1,0,0,0,0,0,-0.7231891124483505,-0.5263380524479431,0.0,0.39994069363611395,-0.7453962281825972,1,10.0,1,1,-1.5760058297414876,-1.5760058297414874
2016-01-05,air_63a750d8b4b6a976,0,0,0,0,0,1,0,-0.8590250411727003,-1.0124013480827825,0.0,-1.267285288130749,-0.6367408190265431,1,3.0,1,1,-1.4461361039957712,-1.446136103995771
2016-01-06,air_63a750d8b4b6a976,0,0,0,0,0,0,1,-0.9084199243451913,-1.0598221574130107,0.0,-1.267285288130749,-0.7695418746617204,1,12.0,1,1,-1.3820872918833613,-1.382087291883361
2016-01-07,air_63a750d8b4b6a976,0,0,0,0,1,0,0,-0.9578148075176821,-1.2495053947339236,0.0,-1.1677494086222795,-0.6246679957869816,1,5.0,1,1,-1.3129753325683895,-1.3129753325683893
2016-01-08,air_63a750d8b4b6a976,1,0,0,0,0,0,0,-1.1553943402076454,-1.4391886320548366,0.0,-1.267285288130749,-0.8299059908595282,1,9.0,1,1,-0.9790607745594226,-0.9790607745594224
2016-01-09,air_63a750d8b4b6a976,0,0,1,0,0,0,0,-1.1059994570351546,-1.4036230250571655,0.0,-1.2175173483765143,-0.781614697901282,1,6.0,1,1,-0.7213465819490146,-0.7213465819490144
2016-01-10,air_63a750d8b4b6a976,0,0,0,1,0,0,0,-1.1059994570351546,-1.1902293830711383,0.0,-0.32169443280028953,-0.9868526929738286,1,20.0,1,1,-1.0066549268133858,-1.0066549268133855
2016-01-11,air_63a750d8b4b6a976,0,1,0,0,0,0,0,-1.0566045738626637,-1.0479669550804538,1.0,-1.0184455893595756,-1.0230711626925133,1,25.0,1,1,-1.3679104797161876,-1.3679104797161874
2016-01-15,air_63a750d8b4b6a976,1,0,0,0,0,0,0,-1.3653225936907314,-1.1783741807385812,0.0,0.9722720008098131,-1.3490373901606756,1,13.0,1,1,-0.8502036782542186,-0.8502036782542184
2016-01-16,air_63a750d8b4b6a976,0,0,1,0,0,0,0,-1.1553943402076454,-0.9531253364199972,0.0,0.6736643622844048,-1.3611102134002373,1,23.0,1,1,-0.7031192520197912,-0.703119252019791
2016-01-17,air_63a750d8b4b6a976,0,0,0,1,0,0,0,-1.2047892233801363,-1.3917678227246084,0.0,-1.267285288130749,-1.0834352788903212,1,13.0,1,1,-1.304367982324034,-1.3043679823240337
2016-01-20,air_63a750d8b4b6a976,0,0,0,0,0,0,1,-1.7481329382775357,-1.8185551066966625,0.0,-0.7198379508341671,-1.5542753852332223,1,12.0,1,1,-1.2266486727647066,-1.2266486727647063
2016-01-21,air_63a750d8b4b6a976,0,0,0,0,1,0,0,-1.7357842174844127,-1.723713488036206,0.0,-1.2424013182536318,-1.6387851479101532,1,14.0,1,1,-1.1051331399032176,-1.1051331399032174
2016-01-22,air_63a750d8b4b6a976,1,0,0,0,0,0,0,-1.3653225936907314,-1.4866094413850648,0.0,-1.0184455893595756,-1.3007460972024294,1,12.0,1,1,-0.7980532620678296,-0.7980532620678293
2016-01-23,air_63a750d8b4b6a976,0,0,1,0,0,0,0,-1.649343171932554,-1.8185551066966625,0.0,-1.267285288130749,-1.6267123246705917,1,6.0,1,1,-0.7251439423509362,-0.7251439423509359
2016-01-24,air_63a750d8b4b6a976,0,0,0,1,0,0,0,-2.328522815554303,-2.4113152233245154,0.0,-1.267285288130749,-2.121698077492616,1,2.0,1,1,-1.4190482664620643,-1.419048266462064
2016-01-26,air_63a750d8b4b6a976,0,0,0,0,0,1,0,-1.5382046847944495,-1.6525822740408638,0.0,-1.2175173483765143,-1.4094015063584835,1,9.0,1,1,-1.2717106828675089,-1.2717106828675087
2016-01-27,air_63a750d8b4b6a976,0,0,0,0,0,0,1,-1.26653282734575,-1.2969262040641518,0.0,-1.2175173483765143,-1.192090688046375,1,11.0,1,1,-1.1208288962311599,-1.1208288962311597
2016-01-28,air_63a750d8b4b6a976,0,0,0,0,1,0,0,-1.0566045738626637,-1.0716773597455678,0.0,-1.267285288130749,-0.8540516373386514,1,6.0,1,1,-1.1263983581539783,-1.1263983581539778
2016-01-29,air_63a750d8b4b6a976,1,0,0,0,0,0,0,-0.7231891124483505,-0.7634420990990842,0.0,-1.267285288130749,-0.43150282395399653,1,8.0,1,1,-0.9841239217619847,-0.9841239217619845
2016-01-30,air_63a750d8b4b6a976,0,0,1,0,0,0,0,-0.7478865540345959,-0.7278764921014129,0.0,0.5243605430217008,-0.61259517254742,1,18.0,1,1,-0.6841324500101835,-0.6841324500101833
2016-01-31,air_63a750d8b4b6a976,0,0,0,1,0,0,0,-0.9084199243451913,-0.9886909434176684,0.0,0.07644908523358834,-0.7333234049430357,1,29.0,1,1,-1.2362686524495745,-1.2362686524495743
2016-02-02,air_63a750d8b4b6a976,0,0,0,0,0,1,0,-1.303578989725118,-1.308781406396709,0.0,-0.6451860412028152,-1.0713624556507595,1,17.0,1,1,-1.3420884289831212,-1.342088428983121
2016-02-03,air_63a750d8b4b6a976,0,0,0,0,0,0,1,-1.2418353857595044,-1.2376501924013665,0.0,-0.5456501616943458,-1.2162363345254985,1,11.0,1,1,-1.267660165105459,-1.2676601651054589
2016-02-04,air_63a750d8b4b6a976,0,0,0,0,1,0,0,-1.2912302689319952,-1.2020845854036954,0.0,0.3501727538818792,-1.3852558598793603,1,11.0,1,1,-1.2301928758065002,-1.2301928758064997
2016-02-05,air_63a750d8b4b6a976,1,0,0,0,0,0,0,-1.2788815481388727,-1.2020845854036954,0.0,-0.3963463424316416,-1.167945041567252,1,13.0,1,1,-0.8580515564181898,-0.8580515564181895
2016-02-06,air_63a750d8b4b6a976,0,0,1,0,0,0,0,-1.3282764313113635,-1.5933062623780785,0.0,-1.0930974989909275,-1.1800178648068138,1,14.0,1,1,-0.6360325515858442,-0.6360325515858439
2016-02-07,air_63a750d8b4b6a976,0,0,0,1,0,0,0,-1.5135072432082042,-1.522175048382736,0.0,-1.0682135291138104,-1.4576927993167297,1,12.0,1,1,-1.2436102158932896,-1.2436102158932891
2016-02-09,air_63a750d8b4b6a976,0,0,0,0,0,1,0,-0.9084199243451913,-0.9768357410851114,0.0,1.1215758200725172,-0.9868526929738286,1,17.0,1,1,-1.2215855255621446,-1.2215855255621444
2016-02-10,air_63a750d8b4b6a976,0,0,0,0,0,0,1,-1.1430456194145229,-0.8701389200920978,0.0,1.1713437598267522,-1.2645276274837447,1,10.0,1,1,-0.8993162061190705,-0.8993162061190701
2016-02-11,air_63a750d8b4b6a976,0,0,0,0,1,0,0,-0.7972814372070868,-0.5144828501153859,1.0,0.8229681815471092,-1.1437993950881291,1,21.0,1,1,-0.9722255258359639,-0.9722255258359637
2016-02-12,air_63a750d8b4b6a976,1,0,0,0,0,0,0,-0.24158900151656476,-0.2536683987991306,0.0,-1.0930974989909275,-0.4073571774748735,1,23.0,1,1,-0.9162777492476533,-0.916277749247653
2016-02-14,air_63a750d8b4b6a976,0,0,0,1,0,0,0,-0.7972814372070868,-0.27737880346424465,0.0,-1.2424013182536318,-0.9747798697342671,1,30.0,1,1,-1.2610780737421285,-1.2610780737421283
2016-02-16,air_63a750d8b4b6a976,0,0,0,0,0,1,0,-1.4517636392425906,-1.5814510600455214,0.0,-1.1677494086222795,-1.3128189204419909,1,21.0,1,1,-1.2820901346327611,-1.2820901346327607
2016-02-17,air_63a750d8b4b6a976,0,0,0,0,0,0,1,-1.390020035276977,-1.5340302507152932,0.0,-0.8442578002197539,-1.421474329598045,1,20.0,1,1,-1.1139936475077012,-1.1139936475077008
2016-02-18,air_63a750d8b4b6a976,0,0,0,0,1,0,0,-1.2541841065526271,-0.9768357410851114,0.0,-0.14750664366046798,-1.4576927993167297,1,29.0,1,1,-1.123613627192569,-1.1236136271925687
2016-02-19,air_63a750d8b4b6a976,1,0,0,0,0,0,0,-0.8096301580002094,-0.8227181107618695,0.0,-0.6949539809570499,-1.0109983394529516,1,17.0,1,1,-0.8061542975919288,-0.8061542975919286
2016-02-20,air_63a750d8b4b6a976,0,0,1,0,0,0,0,-0.9701635283108048,-1.119098169075796,0.0,-1.267285288130749,-0.7574690514221589,1,18.0,1,1,-0.8400773838490946,-0.8400773838490943
2016-02-21,air_63a750d8b4b6a976,0,0,0,1,0,0,0,-1.2541841065526271,-1.356202215726937,0.0,1.0966918501954,-1.2403819810046217,1,18.0,1,1,-1.2069023986747147,-1.2069023986747145
2016-02-23,air_63a750d8b4b6a976,0,0,0,0,0,1,0,-1.0566045738626637,-0.8701389200920978,0.0,0.026681145479353584,-0.9264885767760207,1,18.0,1,1,-1.2137376473981734,-1.2137376473981731
2016-02-24,air_63a750d8b4b6a976,0,0,0,0,0,0,1,-1.1677430610007682,-1.2139397877362526,0.0,-0.49588222194011095,-1.2886732739628677,1,23.0,1,1,-1.1699414240960118,-1.1699414240960115
2016-02-25,air_63a750d8b4b6a976,0,0,0,0,1,0,0,-1.5011585224150814,-1.498464643717622,0.0,-0.49588222194011095,-1.4335471528376067,1,1.0,1,1,-1.0661469064434899,-1.0661469064434896
2016-02-26,air_63a750d8b4b6a976,1,0,0,0,0,0,0,-1.3653225936907314,-1.1783741807385812,0.0,0.7980842116699919,-1.5784210317123455,1,26.0,1,1,-0.658057241916989,-0.6580572419169888
2016-02-27,air_63a750d8b4b6a976,0,0,1,0,0,0,0,-0.9825122491039274,-0.7278764921014129,0.0,-0.7198379508341671,-0.9989255162133903,1,21.0,1,1,-0.4907202268723135,-0.4907202268723132
2016-02-28,air_63a750d8b4b6a976,0,0,0,1,0,0,0,-0.4762146965858963,-0.3129444104619159,0.0,1.1962277297038695,-0.7453962281825972,1,49.0,1,1,-1.07146321100618,-1.0714632110061797
2016-03-01,air_63a750d8b4b6a976,0,0,0,0,0,1,0,-1.5875995679669404,-1.6288718693757496,0.0,-0.07285473402911594,-1.3490373901606756,1,13.0,1,1,-1.2727233123080213,-1.272723312308021
2016-03-02,air_63a750d8b4b6a976,0,0,0,0,0,0,1,-1.1924405025870137,-0.9294149317548831,0.0,1.1215758200725172,-1.397328683118922,1,9.0,1,1,-1.143359901282561,-1.1433599012825608
2016-03-03,air_63a750d8b4b6a976,0,0,0,0,1,0,0,-0.7108403916552278,-0.2655236011316878,0.0,1.3455315489665736,-1.0472168091716365,1,18.0,1,1,-1.1600682870510157,-1.1600682870510155
2016-03-04,air_63a750d8b4b6a976,1,0,0,0,0,0,0,-0.1798453975509512,0.01900125484968186,0.0,-0.2470425231689375,-0.2624832986001346,1,22.0,1,1,-0.7886864397430898,-0.7886864397430895
2016-03-05,air_63a750d8b4b6a976,0,0,1,0,0,0,0,0.11652390148399393,0.31538131316360835,0.0,1.245995669458104,-0.28662894507925785,1,8.0,1,1,-0.566414277550616,-0.5664142775506158
2016-03-06,air_63a750d8b4b6a976,0,0,0,1,0,0,0,0.042431576725257485,0.10198767117758119,0.0,-0.7944898604655193,0.06348292886802764,1,7.0,1,1,-1.1982950484303592,-1.198295048430359
2016-03-08,air_63a750d8b4b6a976,0,0,0,0,0,1,0,-0.36507620944779184,-0.21810279180145933,0.0,-0.44611428218587634,-0.23833765212101152,1,14.0,1,1,-1.150954622086404,-1.1509546220864038
2016-03-09,air_63a750d8b4b6a976,0,0,0,0,0,0,1,-0.8096301580002094,-1.0005461457502254,0.0,-1.267285288130749,-0.5643038795891737,1,19.0,1,1,-1.1972824189898468,-1.1972824189898466
2016-03-10,air_63a750d8b4b6a976,0,0,0,0,1,0,0,-0.8837224827589459,-1.0479669550804538,0.0,-1.192633378499397,-0.8057603443804051,1,25.0,1,1,-1.0770326729289983,-1.0770326729289978
2016-03-11,air_63a750d8b4b6a976,1,0,0,0,0,0,0,-1.2541841065526271,-1.3917678227246084,0.0,-1.117981468868045,-1.0472168091716365,1,20.0,1,1,-0.7390675971579818,-0.7390675971579815
2016-03-12,air_63a750d8b4b6a976,0,0,1,0,0,0,0,-1.3529738728976088,-1.320636608729266,0.0,-1.0184455893595756,-1.3128189204419909,1,28.0,1,1,-0.5494527344220331,-0.5494527344220329
2016-03-13,air_63a750d8b4b6a976,0,0,0,1,0,0,0,-1.2047892233801363,-1.1783741807385812,0.0,-1.267285288130749,-1.1800178648068138,1,23.0,1,1,-1.148169891124995,-1.1481698911249947
2016-03-15,air_63a750d8b4b6a976,0,0,0,0,0,1,0,-0.8590250411727003,-0.7752973014316412,0.0,0.8976200911784609,-0.7333234049430357,1,20.0,1,1,-1.1023484089418085,-1.102348408941808
2016-03-16,air_63a750d8b4b6a976,0,0,0,0,0,0,1,-0.6984916708621052,-0.34851001745958715,0.0,0.4497086333903487,-0.8178331676199667,1,16.0,1,1,-1.0132370181767165,-1.0132370181767163
2016-03-17,air_63a750d8b4b6a976,0,0,0,0,1,0,0,-0.4021223718271601,-0.04027475681310344,0.0,1.295763609212339,-0.7936875211408435,1,1.0,1,1,-0.9658965918327613,-0.9658965918327611
2016-03-18,air_63a750d8b4b6a976,1,0,0,0,0,0,0,-0.15514795596470585,-0.34851001745958715,0.0,-1.1677494086222795,-0.06931812676714955,1,5.0,1,1,-0.59122369884317,-0.5912236988431698
2016-03-19,air_63a750d8b4b6a976,0,0,1,0,0,0,0,-0.315681326275301,-0.41964123145492965,0.0,-0.3465784026774068,-0.3590658845166272,1,47.0,1,1,-0.573755840994331,-0.5737558409943307
2016-03-20,air_63a750d8b4b6a976,0,0,0,1,0,0,0,-0.6490967876896143,-0.5619036594456143,1.0,1.4201834585979258,-0.5643038795891737,1,31.0,1,1,-0.7856485514215525,-0.7856485514215523
2016-03-21,air_63a750d8b4b6a976,0,1,0,0,0,0,0,-0.8096301580002094,-0.692310885103742,1.0,0.9473880309326959,-0.8057603443804051,1,29.0,1,1,-1.2301928758065002,-1.2301928758064997
2016-03-23,air_63a750d8b4b6a976,0,0,0,0,0,0,1,-0.5379583005515098,-0.3959308267898152,0.0,0.0017971756022360926,-0.6005223493078585,1,9.0,1,1,-0.997288104488646,-0.9972881044886458
2016-03-24,air_63a750d8b4b6a976,0,0,0,0,1,0,0,-0.7849327164139641,-0.8227181107618695,0.0,-0.07285473402911594,-0.6367408190265431,1,25.0,1,1,-1.05678008411875,-1.0567800841187498
2016-03-25,air_63a750d8b4b6a976,1,0,0,0,0,0,0,-0.9331173659314366,-0.8464285154269836,0.0,1.295763609212339,-0.9264885767760207,1,3.0,1,1,-0.45325293757335433,-0.4532529375733541
2016-03-26,air_63a750d8b4b6a976,0,0,1,0,0,0,0,-0.834327599586455,-0.5381932547805003,0.0,0.9971559706869304,-1.0834352788903212,1,23.0,1,1,-0.4590755568563007,-0.45907555685630047
2016-03-27,air_63a750d8b4b6a976,0,0,0,1,0,0,0,-0.834327599586455,-0.7990077060967555,0.0,0.3252887840047619,-0.781614697901282,1,40.0,1,1,-1.01678122121851,-1.0167812212185097
2016-03-29,air_63a750d8b4b6a976,0,0,0,0,0,1,0,-0.37742493024091456,-0.3129444104619159,0.0,-0.4709982520629936,-0.6246679957869816,1,11.0,1,1,-0.8593173432188304,-0.85931734321883
2016-03-30,air_63a750d8b4b6a976,0,0,0,0,0,0,1,-0.06870691041284674,-0.0758403638107747,0.0,-1.0930974989909275,-0.033099657048464765,1,16.0,1,1,-0.9446313735820008,-0.9446313735820004
2016-03-31,air_63a750d8b4b6a976,0,0,0,0,1,0,0,-0.22924028072344207,-0.28923400579680186,0.0,-1.043329559236693,-0.06931812676714955,1,15.0,1,1,-0.9089361858039383,-0.9089361858039381
2016-04-01,air_63a750d8b4b6a976,1,0,0,0,0,0,0,-0.27863516389593296,-0.478917243117715,0.0,-1.2175173483765143,-0.057245303527588026,1,11.0,1,1,-0.7021066225792788,-0.7021066225792786
2016-04-02,air_63a750d8b4b6a976,0,0,1,0,0,0,0,0.05478029751838037,0.10198767117758119,0.0,0.8229681815471092,0.0876285753471509,1,25.0,1,1,-0.7193213230679898,-0.7193213230679896
2016-04-03,air_63a750d8b4b6a976,0,0,0,1,0,0,0,0.1659187846564846,0.32723651549616517,0.0,-1.0184455893595756,0.3049393936592592,1,21.0,1,1,-1.2438633732534177,-1.2438633732534172
2016-04-05,air_63a750d8b4b6a976,0,0,0,0,0,1,0,-0.21689155993031942,-0.1232611731410032,0.0,0.8478521514242264,-0.23833765212101152,1,15.0,1,1,-1.1519672515269164,-1.1519672515269161
2016-04-06,air_63a750d8b4b6a976,0,0,0,0,0,0,1,-0.11810179358533764,-0.04027475681310344,0.0,-0.04797076415199845,-0.29870176831881934,1,8.0,1,1,-1.0848805510929693,-1.084880551092969
2016-04-07,air_63a750d8b4b6a976,0,0,0,0,1,0,0,0.20296494703585283,0.37465732482639363,0.0,-1.267285288130749,0.06348292886802764,1,4.0,1,1,-1.2008266220316401,-1.20082662203164
2016-04-08,air_63a750d8b4b6a976,1,0,0,0,0,0,0,-0.1427992351715832,-0.0639851614782179,0.0,0.07644908523358834,-0.06931812676714955,1,17.0,1,1,-0.6418551708687905,-0.6418551708687903
2016-04-09,air_63a750d8b4b6a976,0,0,1,0,0,0,0,0.042431576725257485,0.2798157061659371,0.0,0.6487803924072876,-0.08139095000671108,1,15.0,1,1,-0.5494527344220331,-0.5494527344220329
2016-04-10,air_63a750d8b4b6a976,0,0,0,1,0,0,0,-0.006963306447233186,0.1731188851729233,0.0,-0.1226226737833507,0.05141010562846612,1,21.0,1,1,-1.1296894038356435,-1.1296894038356433
2016-04-12,air_63a750d8b4b6a976,0,0,0,0,0,1,0,-0.15514795596470585,0.13755327817525245,0.0,0.6238964225301701,-0.5280854098704891,1,20.0,1,1,-1.215256591558942,-1.2152565915589417
2016-04-13,air_63a750d8b4b6a976,0,0,0,0,0,0,1,0.01773413513901215,-0.05212995914566067,0.0,-0.8193738303426367,0.16006551478452027,1,16.0,1,1,-1.1271578302343626,-1.1271578302343621
2016-04-14,air_63a750d8b4b6a976,0,0,0,0,1,0,0,0.0794777391046257,0.06642206417990992,0.0,0.5741284827759355,0.24457527746145113,1,18.0,1,1,-1.093994216057581,-1.0939942160575808
2016-04-15,air_63a750d8b4b6a976,1,0,0,0,0,0,0,-0.006963306447233186,0.07827726651246715,0.0,1.56948727786063,0.0031188126702198084,1,6.0,1,1,-0.6697024804828817,-0.6697024804828815
2016-04-16,air_63a750d8b4b6a976,0,0,1,0,0,0,0,0.2647085510014664,0.5524853598147496,0.0,0.10133305511070562,0.0031188126702198084,1,16.0,1,1,-0.4537592522936105,-0.4537592522936103
2016-04-17,air_63a750d8b4b6a976,0,0,0,1,0,0,0,0.0794777391046257,-0.016564352147989403,0.0,1.3704155188436908,0.0031188126702198084,1,20.0,1,1,-1.1663972210542184,-1.166397221054218
2016-04-19,air_63a750d8b4b6a976,0,0,0,0,0,1,0,-0.19219411834407385,0.07827726651246715,0.0,1.3704155188436908,-0.3590658845166272,1,17.0,1,1,-1.150954622086404,-1.1509546220864038
2016-04-20,air_63a750d8b4b6a976,0,0,0,0,0,0,1,-0.03166074803347852,0.22053969450315178,0.0,1.0966918501954,-0.46772129367268134,1,23.0,1,1,-1.017034378578638,-1.0170343785786378
2016-04-21,air_63a750d8b4b6a976,0,0,0,0,1,0,0,0.11652390148399393,0.04271165951479589,0.0,-1.267285288130749,0.11177422182627396,1,8.0,1,1,-1.123613627192569,-1.1236136271925687
2016-04-22,air_63a750d8b4b6a976,1,0,0,0,0,0,0,0.22766238862209817,0.20868449217059457,0.0,0.8478521514242264,0.34115786337794357,1,10.0,1,1,-0.6236278409395671,-0.6236278409395669
2016-04-23,air_63a750d8b4b6a976,0,0,1,0,0,0,0,0.005385414345889262,0.04271165951479589,0.0,-0.9935616194824581,0.20835680774276658,1,27.0,1,1,-0.5261622572902478,-0.5261622572902476
2016-04-24,air_63a750d8b4b6a976,0,0,0,1,0,0,0,-0.006963306447233186,-0.028419554480546633,0.0,-0.44611428218587634,0.06348292886802764,1,41.0,1,1,-1.1448788454433296,-1.1448788454433294
2016-04-26,air_63a750d8b4b6a976,0,0,0,0,0,1,0,0.43759064210518417,0.6354717761426488,0.0,0.4497086333903487,0.3773763330966283,1,10.0,1,1,-1.053995353157341,-1.0539953531573407
2016-04-27,air_63a750d8b4b6a976,0,0,0,0,0,0,1,0.20296494703585283,0.00714605251712463,0.0,-1.2424013182536318,0.4377404492944362,1,4.0,1,1,-1.034502236427477,-1.0345022364274767
2016-04-28,air_63a750d8b4b6a976,0,0,0,0,1,0,0,-0.22924028072344207,-0.3840756244572584,0.0,-1.267285288130749,-0.033099657048464765,1,18.0,1,1,-0.7919774854247551,-0.7919774854247549
2016-04-29,air_63a750d8b4b6a976,1,0,0,0,0,0,0,-0.21689155993031942,-0.1943923871363453,1.0,1.718791097123334,-0.23833765212101152,1,25.0,1,1,-0.6185646937370051,-0.6185646937370048
2016-04-30,air_63a750d8b4b6a976,0,0,1,0,0,0,0,0.1659187846564846,0.4220781341566217,0.0,1.8183269766318035,-0.25041047536057304,1,34.0,1,1,-0.662867231759423,-0.6628672317594227
2016-05-01,air_63a750d8b4b6a976,0,0,0,1,0,0,0,0.41289320051893885,0.6473269784752057,0.0,1.6690231573690995,0.16006551478452027,1,33.0,1,1,-0.9441250588617446,-0.9441250588617442
2016-05-02,air_63a750d8b4b6a976,0,1,0,0,0,0,0,0.5734265708295342,0.7303133948031054,0.0,0.9722720008098131,0.3532306866175053,1,12.0,1,1,-1.084121079012585,-1.0841210790125848
2016-05-03,air_63a750d8b4b6a976,0,0,0,0,0,1,0,0.2153136678289757,0.10198767117758119,1.0,-1.0682135291138104,0.2566481007010127,1,41.0,1,1,-0.7975469473475734,-0.7975469473475731
2016-05-04,air_63a750d8b4b6a976,0,0,0,0,0,0,1,0.5610778500364113,0.7184581924705482,1.0,1.868094916386038,0.2687209239405744,1,30.0,1,1,-0.8545073533763964,-0.8545073533763962
2016-05-05,air_63a750d8b4b6a976,0,0,0,0,1,0,0,0.5981240124157795,0.7303133948031054,1.0,0.8478521514242264,0.522250211971367,1,29.0,1,1,-1.0474132617940102,-1.04741326179401
2016-05-06,air_63a750d8b4b6a976,1,0,0,0,0,0,0,0.2894059925877117,0.09013246884502396,0.0,-1.267285288130749,0.2566481007010127,1,6.0,1,1,-1.2025987235525368,-1.2025987235525366
2016-05-07,air_63a750d8b4b6a976,0,0,1,0,0,0,0,0.36349831734644816,0.25610530150082306,0.0,0.5741284827759355,0.3773763330966283,1,44.0,1,1,-0.7732438407752755,-0.7732438407752753
2016-05-08,air_63a750d8b4b6a976,0,0,0,1,0,0,0,0.4869855252776753,0.7303133948031054,0.0,-0.023086794274881178,0.2566481007010127,1,34.0,1,1,-1.116018906388726,-1.1160189063887256
2016-05-10,air_63a750d8b4b6a976,0,0,0,0,0,1,0,0.31410343417395703,0.3628021224938364,0.0,-1.267285288130749,0.24457527746145113,1,15.0,1,1,-1.3833530786840018,-1.3833530786840016
2016-05-11,air_63a750d8b4b6a976,0,0,0,0,0,0,1,-0.16749667675782853,-0.21810279180145933,0.0,-0.3465784026774068,-0.10553659648583434,1,10.0,1,1,-1.1919661144271567,-1.1919661144271563
2016-05-12,air_63a750d8b4b6a976,0,0,0,0,1,0,0,0.15357006386336214,0.38651252715895046,0.0,2.0422827055258597,-0.3349202380375039,1,9.0,1,1,-1.0707037389257956,-1.0707037389257954
2016-05-13,air_63a750d8b4b6a976,1,0,0,0,0,0,0,0.3881957589326935,0.4102229318240645,0.0,1.1962277297038695,0.40152197957575136,1,20.0,1,1,-0.7112202875438906,-0.7112202875438902
2016-05-14,air_63a750d8b4b6a976,0,0,1,0,0,0,0,0.3511495965533253,0.38651252715895046,0.0,1.6939071272462167,0.3170122168988205,1,28.0,1,1,-0.5494527344220331,-0.5494527344220329
2016-05-15,air_63a750d8b4b6a976,0,0,0,1,0,0,0,0.9068420322438473,1.1096798694449312,0.0,-0.09773870390623321,0.6309056211274214,1,27.0,1,1,-1.1686756372953713,-1.168675637295371
2016-05-17,air_63a750d8b4b6a976,0,0,0,0,0,1,0,0.11652390148399393,0.45764374115429296,0.0,2.0422827055258597,-0.3832115309957502,1,17.0,1,1,-1.311962703127877,-1.3119627031278769
2016-05-18,air_63a750d8b4b6a976,0,0,0,0,0,0,1,0.3017547133808346,0.4932093481519642,0.0,1.8929788862631554,-0.14175506620451891,1,27.0,1,1,-1.1076647135044986,-1.1076647135044984
2016-05-19,air_63a750d8b4b6a976,0,0,0,0,1,0,0,0.6351701747951477,0.706602990137991,0.0,1.2708796393352213,0.2687209239405744,1,12.0,1,1,-1.099057363260143,-1.0990573632601428
2016-05-20,air_63a750d8b4b6a976,1,0,0,0,0,0,0,0.8697958698644791,1.07411426244726,0.0,1.868094916386038,0.498104565492244,1,14.0,1,1,-0.7107139728236342,-0.710713972823634
2016-05-21,air_63a750d8b4b6a976,0,0,1,0,0,0,0,0.6104727332089024,0.6354717761426488,0.0,1.1962277297038695,0.6309056211274214,1,35.0,1,1,-0.43375982084349046,-0.43375982084349024
2016-05-22,air_63a750d8b4b6a976,0,0,0,1,0,0,0,0.5487291292432889,0.6354717761426488,0.0,1.7685590368775685,0.41359480281531313,1,33.0,1,1,-1.1727261550574208,-1.1727261550574206
2016-05-24,air_63a750d8b4b6a976,0,0,0,0,0,1,0,0.9068420322438473,1.026693453117032,0.0,-0.7696058905884019,0.8361436161999679,1,26.0,1,1,-1.2641159620636657,-1.2641159620636655
2016-05-25,air_63a750d8b4b6a976,0,0,0,0,0,0,1,0.6475188955882706,0.8014446087984475,0.0,-0.32169443280028953,0.727488207043914,1,23.0,1,1,-1.0580458709193905,-1.0580458709193903
2016-05-26,air_63a750d8b4b6a976,0,0,0,0,1,0,0,0.8327497074851112,0.7658790018007763,0.0,0.4248246635132312,0.9085805556373375,1,33.0,1,1,-1.0218443684210718,-1.0218443684210716
2016-05-27,air_63a750d8b4b6a976,1,0,0,0,0,0,0,0.7833548243126202,0.6473269784752057,0.0,0.0017971756022360926,0.8844349091582141,1,30.0,1,1,-0.7271692012319609,-0.7271692012319607
2016-05-28,air_63a750d8b4b6a976,0,0,1,0,0,0,0,0.41289320051893885,0.2323948968357086,0.0,-1.267285288130749,0.3049393936592592,1,36.0,1,1,-0.5312254044928099,-0.5312254044928096
2016-05-29,air_63a750d8b4b6a976,0,0,0,1,0,0,0,0.43759064210518417,0.00714605251712463,0.0,-1.267285288130749,0.727488207043914,1,54.0,1,1,-1.0377932821091425,-1.037793282109142
2016-05-31,air_63a750d8b4b6a976,0,0,0,0,0,1,0,0.8574471490713567,1.1452454764426026,0.0,1.56948727786063,0.3532306866175053,1,15.0,1,1,-1.1342462363179493,-1.134246236317949
2016-06-01,air_63a750d8b4b6a976,0,0,0,0,0,0,1,0.6104727332089024,0.5643405621473063,0.0,-0.19727458341470272,0.6067599746482983,1,17.0,1,1,-1.15551145456871,-1.1555114545687097
2016-06-02,air_63a750d8b4b6a976,0,0,0,0,1,0,0,0.43759064210518417,0.4694989434868498,0.0,2.092050645280094,0.28079374718013594,1,21.0,1,1,-1.0945005307778373,-1.094500530777837
2016-06-03,air_63a750d8b4b6a976,1,0,0,0,0,0,0,0.6228214540020248,0.8251550134635616,0.0,1.519719338106395,0.3532306866175053,1,23.0,1,1,-0.7851422367012963,-0.7851422367012961
2016-06-04,air_63a750d8b4b6a976,0,0,1,0,0,0,0,0.3758470381395706,0.2323948968357086,0.0,-1.267285288130749,0.522250211971367,1,26.0,1,1,-0.6104636582129058,-0.6104636582129056
2016-06-05,air_63a750d8b4b6a976,0,0,0,1,0,0,0,0.40054447972581636,0.22053969450315178,0.0,-1.267285288130749,0.5584686816900518,1,21.0,1,1,-1.2018392514721525,-1.2018392514721523
2016-06-07,air_63a750d8b4b6a976,0,0,0,0,0,1,0,0.8080522658988655,0.7303133948031054,0.0,-0.09773870390623321,0.8723620859186527,1,25.0,1,1,-1.2451291600540582,-1.2451291600540577
2016-06-08,air_63a750d8b4b6a976,0,0,0,0,0,0,1,0.8080522658988655,0.706602990137991,0.0,0.2257529044962924,0.9447990253560219,1,25.0,1,1,-1.0798174038904074,-1.0798174038904071
2016-06-09,air_63a750d8b4b6a976,0,0,0,0,1,0,0,0.8080522658988655,0.8844310251263469,0.0,0.8976200911784609,0.8965077323977758,1,16.0,1,1,-1.1304488759160278,-1.1304488759160276
2016-06-10,air_63a750d8b4b6a976,1,0,0,0,0,0,0,0.9191907530369702,0.9199966321240182,0.0,1.7685590368775685,0.8965077323977758,1,32.0,1,1,-0.6899550692931299,-0.6899550692931297
2016-06-11,air_63a750d8b4b6a976,0,0,1,0,0,0,0,1.1908626104856697,1.1689558811077165,0.0,0.15110099486494039,1.1500370204285688,1,50.0,1,1,-0.5286938308915288,-0.5286938308915285
2016-06-12,air_63a750d8b4b6a976,0,0,0,1,0,0,0,0.8697958698644791,0.6354717761426488,0.0,-1.267285288130749,0.9810174950747067,1,23.0,1,1,-1.1598151296908876,-1.1598151296908874
2016-06-14,air_63a750d8b4b6a976,0,0,0,0,0,1,0,0.882144590657602,0.8014446087984475,0.0,0.9971559706869304,1.0051631415538298,1,35.0,1,1,-1.170447738816268,-1.1704477388162677
2016-06-15,air_63a750d8b4b6a976,0,0,0,0,0,0,1,1.0426779609681973,0.9555622391216894,0.0,0.8976200911784609,0.9689446718351453,1,32.0,1,1,-1.1101962871057796,-1.1101962871057793
2016-06-16,air_63a750d8b4b6a976,0,0,0,0,1,0,0,0.9438881946232155,0.7658790018007763,0.0,-1.267285288130749,0.9810174950747067,1,14.0,1,1,-1.1815866626619045,-1.1815866626619043
2016-06-17,air_63a750d8b4b6a976,1,0,0,0,0,0,0,0.8944933114507249,0.8962862274589041,0.0,0.7234323020386396,0.9206533788768988,1,33.0,1,1,-0.618311536376877,-0.6183115363768767
2016-06-18,air_63a750d8b4b6a976,0,0,1,0,0,0,0,1.005631798588829,1.0029830484519175,0.0,1.519719338106395,0.8240707929604062,1,58.0,1,1,-0.5261622572902478,-0.5261622572902476
2016-06-19,air_63a750d8b4b6a976,0,0,0,1,0,0,0,1.141467727313179,1.311218309098401,0.0,-0.5207661918172284,1.0896729042307611,1,49.0,1,1,-1.153233038327557,-1.1532330383275566
2016-06-21,air_63a750d8b4b6a976,0,0,0,0,0,1,0,1.0550266817613196,1.0148382507844746,0.0,0.051565115356470854,1.0896729042307611,1,26.0,1,1,-1.205130297153818,-1.2051302971538176
2016-06-22,air_63a750d8b4b6a976,0,0,0,0,0,0,1,0.882144590657602,0.6710373831403201,0.0,-1.267285288130749,1.0776000809911992,1,24.0,1,1,-1.1423472718420487,-1.1423472718420484
2016-06-23,air_63a750d8b4b6a976,0,0,0,0,1,0,0,0.882144590657602,0.8607206204612329,0.0,-0.9189097098511061,1.1017457274703224,1,20.0,1,1,-1.1380435967198708,-1.1380435967198705
2016-06-24,air_63a750d8b4b6a976,1,0,0,0,0,0,0,1.302001097623774,1.1689558811077165,0.0,-1.1428654387451622,1.0896729042307611,1,32.0,1,1,-0.6403362267080219,-0.6403362267080216
2016-06-25,air_63a750d8b4b6a976,0,0,1,0,0,0,0,0.7586573827263748,0.6354717761426488,0.0,-1.267285288130749,0.8361436161999679,1,41.0,1,1,-0.4762902573450116,-0.4762902573450114
2016-06-26,air_63a750d8b4b6a976,0,0,0,1,0,0,0,0.9315394738300926,0.9199966321240182,0.0,1.519719338106395,0.8119979697208449,1,30.0,1,1,-1.0453880029129854,-1.0453880029129852
2016-06-28,air_63a750d8b4b6a976,0,0,0,0,0,1,0,0.5116829668639206,0.29167090849849386,0.0,-1.267285288130749,0.6188327978878597,1,14.0,1,1,-1.2188007946007355,-1.218800794600735
2016-06-29,air_63a750d8b4b6a976,0,0,0,0,0,0,1,0.795703545105743,0.6236165738100916,0.0,-1.2424013182536318,0.9327262021164606,1,28.0,1,1,-1.0400716983502953,-1.0400716983502951
2016-06-30,air_63a750d8b4b6a976,0,0,0,0,1,0,0,1.005631798588829,0.8607206204612329,0.0,-0.6949539809570499,1.0896729042307611,1,18.0,1,1,-1.0152622770577413,-1.015262277057741
2016-07-01,air_63a750d8b4b6a976,1,0,0,0,0,0,0,1.351395980796265,1.4653359394216425,0.0,0.5990124526530528,1.198328313386815,1,45.0,1,1,1.5783348774546662,1.5783348774546662
2016-07-02,air_63a750d8b4b6a976,0,0,1,0,0,0,0,1.660114000624333,1.5246119510844278,0.0,0.07644908523358834,1.7778238288857702,1,35.0,1,1,1.6841546539882128,1.6841546539882128
2016-07-03,air_63a750d8b4b6a976,0,0,0,1,0,0,0,1.6230678382449646,1.5009015464193143,0.0,-0.09773870390623321,1.7778238288857702,1,26.0,1,1,0.3629263914796473,0.36292639147964745
2016-07-05,air_63a750d8b4b6a976,0,0,0,0,0,1,0,1.6724627214174552,1.7024399860727837,0.0,1.3704155188436908,1.560513010573662,1,29.0,1,1,0.29330811744441915,0.2933081174444193
2016-07-06,air_63a750d8b4b6a976,0,0,0,0,0,0,1,1.5983703966587193,1.5957431650797704,0.0,1.6441391874919817,1.560513010573662,1,22.0,1,1,0.5991222084791666,0.5991222084791668
2016-07-07,air_63a750d8b4b6a976,0,0,0,0,1,0,0,1.3884421431756333,1.3349287137635155,0.0,0.6487803924072876,1.4397847781780464,1,36.0,1,1,0.5545665130966206,0.5545665130966208
2016-07-08,air_63a750d8b4b6a976,1,0,0,0,0,0,0,0.9932830777957062,0.7895894064658907,0.0,-1.267285288130749,1.1258913739494454,1,36.0,1,1,1.4411235882652347,1.4411235882652347
2016-07-09,air_63a750d8b4b6a976,0,0,1,0,0,0,0,1.1538164481063016,1.07411426244726,0.0,-0.04797076415199845,1.2104011366263767,1,50.0,1,1,1.6433963190075884,1.6433963190075884
2016-07-10,air_63a750d8b4b6a976,0,0,0,1,0,0,0,1.2649549352444063,1.1333902741100452,0.0,-0.5456501616943458,1.4156391316989232,1,39.0,1,1,0.4697587974537064,0.4697587974537066
2016-07-12,air_63a750d8b4b6a976,0,0,0,0,0,1,0,1.4131395847618786,1.4771911417541999,0.0,-0.5207661918172284,1.4518576014176081,1,28.0,1,1,0.30343441184954323,0.3034344118495434
2016-07-13,air_63a750d8b4b6a976,0,0,0,0,0,0,1,1.2773036560375286,1.0622590601147028,0.0,-1.2424013182536318,1.3552750155011155,1,21.0,1,1,0.35229378235426695,0.3522937823542671
2016-07-14,air_63a750d8b4b6a976,0,0,0,0,1,0,0,1.3760934223825103,1.346783916096072,0.0,1.0966918501954,1.4156391316989232,1,15.0,1,1,0.49811242178805387,0.49811242178805404
2016-07-15,air_63a750d8b4b6a976,1,0,0,0,0,0,0,1.141467727313179,1.07411426244726,0.0,1.3704155188436908,1.282838076063746,1,24.0,1,1,1.2978365224327288,1.2978365224327288
2016-07-16,air_63a750d8b4b6a976,0,0,1,0,0,0,0,1.4007908639687559,1.583887962747213,0.0,0.20086893461917513,1.246619606345061,1,41.0,1,1,1.6036506134674762,1.6036506134674764
2016-07-17,air_63a750d8b4b6a976,0,0,0,1,0,0,0,1.2773036560375286,1.1689558811077165,0.0,0.3004048141276444,1.4035663084593615,1,37.0,1,1,0.9783519339510638,0.9783519339510639
2016-07-19,air_63a750d8b4b6a976,0,0,0,0,0,1,0,1.302001097623774,1.2519422974356158,0.0,1.4699513983521604,1.3311293690219923,1,32.0,1,1,0.06597280804938334,0.06597280804938353
2016-07-20,air_63a750d8b4b6a976,0,0,0,0,0,0,1,1.2896523768306516,1.2637974997681731,0.0,1.0220399405640477,1.4156391316989232,1,24.0,1,1,0.3910268584538666,0.39102685845386675
2016-07-21,air_63a750d8b4b6a976,0,0,0,0,1,0,0,1.215560052071915,1.1808110834402734,0.0,1.6939071272462167,1.3069837225428689,1,37.0,1,1,0.5401365435693188,0.540136543569319
2016-07-22,air_63a750d8b4b6a976,1,0,0,0,0,0,0,1.1538164481063016,1.1452454764426026,0.0,1.6939071272462167,1.2104011366263767,1,28.0,1,1,1.3408732736545061,1.3408732736545064
2016-07-23,air_63a750d8b4b6a976,0,0,1,0,0,0,0,1.3637447015893875,1.394204725426301,0.0,1.8432109465089208,1.1862554901472533,1,42.0,1,1,1.5542849282424964,1.5542849282424964
2016-07-24,air_63a750d8b4b6a976,0,0,0,1,0,0,0,1.5489755134862282,1.489046344086757,0.0,0.20086893461917513,1.584658657052785,1,41.0,1,1,0.34799010723208923,0.3479901072320894
2016-07-26,air_63a750d8b4b6a976,0,0,0,0,0,1,0,1.4625344679343693,1.5009015464193143,0.0,0.4497086333903487,1.4518576014176081,1,22.0,1,1,0.40722892950206513,0.4072289295020653
2016-07-27,air_63a750d8b4b6a976,0,0,0,0,0,0,1,1.5613242342793512,1.6313087720774422,0.0,0.8976200911784609,1.476003247896731,1,31.0,1,1,0.5446933760516246,0.5446933760516248
2016-07-28,air_63a750d8b4b6a976,0,0,0,0,1,0,0,1.64776527983121,1.7024399860727837,0.0,1.1215758200725172,1.5967314802923467,1,25.0,1,1,0.6968409494886141,0.6968409494886143
2016-07-29,air_63a750d8b4b6a976,1,0,0,0,0,0,0,1.7095088837968235,1.7617159977355692,0.0,1.1215758200725172,1.6329499500110316,1,38.0,1,1,1.5074508166187974,1.5074508166187974
2016-07-30,air_63a750d8b4b6a976,0,0,1,0,0,0,0,1.6724627214174552,1.714295188405341,0.0,0.7732002417928742,1.6933140662088393,1,39.0,1,1,1.5874485424192777,1.587448542419278
2016-07-31,air_63a750d8b4b6a976,0,0,0,1,0,0,0,1.6848114422105782,1.7261503907378983,0.0,1.56948727786063,1.62087712677147,1,27.0,1,1,0.3783689904474615,0.37836899044746164
2016-08-02,air_63a750d8b4b6a976,0,0,0,0,0,1,0,1.6724627214174552,1.714295188405341,0.0,1.1962277297038695,1.7053868894484008,1,25.0,1,1,0.11685743743513188,0.11685743743513208
2016-08-03,air_63a750d8b4b6a976,0,0,0,0,0,0,1,1.6107191174518418,1.6194535697448849,0.0,0.39994069363611395,1.6812412429692776,1,11.0,1,1,0.4219120563894951,0.42191205638949525
2016-08-04,air_63a750d8b4b6a976,0,0,0,0,1,0,0,1.660114000624333,1.7972816047332407,0.0,1.3455315489665736,1.6329499500110316,1,27.0,1,1,0.508238716193178,0.5082387161931781
2016-08-05,air_63a750d8b4b6a976,1,0,0,0,0,0,0,1.5613242342793512,1.714295188405341,0.0,0.8727361213013437,1.584658657052785,1,43.0,1,1,1.2244208879955791,1.2244208879955794
2016-08-06,air_63a750d8b4b6a976,0,0,1,0,0,0,0,1.4625344679343693,1.856557616396026,0.0,0.8229681815471092,1.3432021922615538,1,31.0,1,1,1.0593622891920564,1.0593622891920567
2016-08-07,air_63a750d8b4b6a976,0,0,0,1,0,0,0,1.5983703966587193,1.844702414063469,0.0,0.6238964225301701,1.4156391316989232,1,29.0,1,1,0.2439424322194392,0.2439424322194394
2016-08-09,air_63a750d8b4b6a976,0,0,0,0,0,1,0,1.6354165590380876,1.6194535697448849,0.0,1.7934430067546863,1.6691684197297159,1,22.0,1,1,0.45608830000678885,0.45608830000678907
2016-08-11,air_63a750d8b4b6a976,0,0,0,0,1,0,0,1.6971601630037012,1.7261503907378983,1.0,1.8432109465089208,1.5725858338132237,1,38.0,1,1,0.9287330913659557,0.9287330913659558
2016-08-12,air_63a750d8b4b6a976,1,0,0,0,0,0,0,1.7465550461761918,1.8209920093983545,0.0,1.8432109465089208,1.5967314802923467,1,29.0,1,1,0.6338047668167166,0.6338047668167168
2016-08-13,air_63a750d8b4b6a976,0,0,1,0,0,0,0,1.78360120855556,1.856557616396026,1.0,1.7685590368775685,1.6933140662088393,1,36.0,1,1,0.7469661067939783,0.7469661067939785
2016-08-14,air_63a750d8b4b6a976,0,0,0,1,0,0,0,1.7959499293486825,1.7972816047332407,1.0,1.7436750670004513,1.7657510056462085,1,18.0,1,1,0.04040391467644502,0.04040391467644521
2016-08-15,air_63a750d8b4b6a976,0,1,0,0,0,0,0,1.78360120855556,1.7735712000681263,1.0,0.9722720008098131,1.7053868894484008,1,12.0,1,1,-0.31806690726494774,-0.3180669072649475
2016-08-16,air_63a750d8b4b6a976,0,0,0,0,0,1,0,1.5860216758655965,1.5601775580820996,0.0,-0.22215855329182,1.6450227732505929,1,32.0,1,1,-0.23781602410433933,-0.2378160241043391
2016-08-17,air_63a750d8b4b6a976,0,0,0,0,0,0,1,1.6107191174518418,1.5957431650797704,0.0,1.2211116995809868,1.6691684197297159,1,26.0,1,1,0.10470588414898298,0.10470588414898317
2016-08-18,air_63a750d8b4b6a976,0,0,0,0,1,0,0,1.64776527983121,1.7261503907378983,0.0,1.4948353682292777,1.560513010573662,1,15.0,1,1,0.29254864536403485,0.292548645364035
2016-08-19,air_63a750d8b4b6a976,1,0,0,0,0,0,0,1.7095088837968235,1.6194535697448849,0.0,1.1464597899496345,1.7416053591670855,1,16.0,1,1,1.199358309342897,1.1993583093428972
2016-08-20,air_63a750d8b4b6a976,0,0,1,0,0,0,0,1.5983703966587193,1.5483223557495425,0.0,1.4948353682292777,1.7053868894484008,1,47.0,1,1,1.1193605835424167,1.1193605835424167
2016-08-21,air_63a750d8b4b6a976,0,0,0,1,0,0,0,1.6107191174518418,1.6194535697448849,0.0,1.4948353682292777,1.584658657052785,1,18.0,1,1,0.11306007703321036,0.11306007703321054
2016-08-23,air_63a750d8b4b6a976,0,0,0,0,0,1,0,1.5613242342793512,1.666874379075113,0.0,1.8183269766318035,1.560513010573662,1,5.0,1,1,0.24849926470174505,0.24849926470174524
2016-08-24,air_63a750d8b4b6a976,0,0,0,0,0,0,1,1.5860216758655965,1.6550191767425557,0.0,1.3206475790894563,1.4156391316989232,1,20.0,1,1,0.3778626757272053,0.37786267572720544
2016-08-25,air_63a750d8b4b6a976,0,0,0,0,1,0,0,1.6971601630037012,1.9039784257262542,0.0,0.49947657314458327,1.6691684197297159,1,12.0,1,1,0.4659614370517849,0.46596143705178505
2016-08-26,air_63a750d8b4b6a976,1,0,0,0,0,0,0,1.4748831887274922,1.5601775580820996,0.0,-0.07285473402911594,1.476003247896731,1,16.0,1,1,1.402137354805507,1.402137354805507
2016-08-27,air_63a750d8b4b6a976,0,0,1,0,0,0,0,1.2402574936581605,1.2163766904379447,0.0,-0.6700700110799326,1.4156391316989232,1,51.0,1,1,1.4449209486671561,1.4449209486671564
2016-08-28,air_63a750d8b4b6a976,0,0,0,1,0,0,0,0.9685856362094608,0.8251550134635616,0.0,-1.267285288130749,1.0051631415538298,1,43.0,1,1,0.48722665530254544,0.4872266553025456
2016-08-30,air_63a750d8b4b6a976,0,0,0,0,0,1,0,0.8697958698644791,0.8725758227937901,0.0,0.5990124526530528,0.6309056211274214,1,38.0,1,1,0.2305250921326498,0.23052509213264996
2016-08-31,air_63a750d8b4b6a976,0,0,0,0,0,0,1,1.215560052071915,1.1096798694449312,0.0,1.3704155188436908,1.174182666907692,1,9.0,1,1,0.5224155283603517,0.5224155283603519
2016-09-01,air_63a750d8b4b6a976,0,0,0,0,1,0,0,1.092072844140688,0.8132998111310048,0.0,-1.267285288130749,1.258692429584623,1,9.0,1,1,0.2550813560650757,0.25508135606507587
2016-09-02,air_63a750d8b4b6a976,1,0,0,0,0,0,0,0.882144590657602,0.481354145819407,0.0,-1.267285288130749,1.1500370204285688,1,18.0,1,1,1.073032786638974,1.0730327866389742
2016-09-03,air_63a750d8b4b6a976,0,0,1,0,0,0,0,1.1167702857269333,0.9081414297914613,0.0,-1.267285288130749,1.1500370204285688,1,24.0,1,1,1.4684645831590697,1.4684645831590697
2016-09-04,air_63a750d8b4b6a976,0,0,0,1,0,0,0,1.2032113312787927,0.9792726437868035,0.0,-1.192633378499397,1.3190565457824306,1,12.0,1,1,0.15862840185626875,0.15862840185626895
2016-09-06,air_63a750d8b4b6a976,0,0,0,0,0,1,0,1.2526062144512833,1.2519422974356158,0.0,0.49947657314458327,1.3432021922615538,1,24.0,1,1,0.2305250921326498,0.23052509213264996
2016-09-07,air_63a750d8b4b6a976,0,0,0,0,0,0,1,1.1908626104856697,1.1215350717774881,0.0,-0.9686776496053408,1.0051631415538298,1,10.0,1,1,0.2960928484058283,0.29609284840582845
2016-09-08,air_63a750d8b4b6a976,0,0,0,0,1,0,0,0.9685856362094608,0.9318518344565754,0.0,1.2708796393352213,0.8844349091582141,1,16.0,1,1,0.39609000565642866,0.3960900056564288
2016-09-09,air_63a750d8b4b6a976,1,0,0,0,0,0,0,1.104421564933811,1.1333902741100452,0.0,1.245995669458104,1.0413816112725145,1,19.0,1,1,1.288216542747861,1.2882165427478611
2016-09-10,air_63a750d8b4b6a976,0,0,1,0,0,0,0,1.141467727313179,1.097824667112374,0.0,0.051565115356470854,1.0534544345120762,1,30.0,1,1,1.6330168672423362,1.6330168672423362
2016-09-11,air_63a750d8b4b6a976,0,0,0,1,0,0,0,1.2032113312787927,1.1215350717774881,0.0,0.3004048141276444,1.198328313386815,1,31.0,1,1,0.456341457366917,0.45634145736691717
2016-09-12,air_63a750d8b4b6a976,0,1,0,0,0,0,0,0.6969137787607613,0.6591821808077629,0.0,-1.267285288130749,0.860289262679091,1,20.0,1,1,-0.23174024746126487,-0.23174024746126468
2016-09-14,air_63a750d8b4b6a976,0,0,0,0,0,0,1,0.9932830777957062,0.7540237994682195,0.0,-1.2175173483765143,1.198328313386815,1,26.0,1,1,0.38672318333168887,0.38672318333168904
2016-09-15,air_63a750d8b4b6a976,0,0,0,0,1,0,0,1.0673754025544426,1.0148382507844746,0.0,0.0017971756022360926,1.174182666907692,1,24.0,1,1,0.6067169292830097,0.6067169292830099
2016-09-16,air_63a750d8b4b6a976,1,0,0,0,0,0,0,1.1538164481063016,1.1096798694449312,0.0,0.07644908523358834,1.2104011366263767,1,14.0,1,1,1.2421419032045462,1.2421419032045464
2016-09-17,air_63a750d8b4b6a976,0,0,1,0,0,0,0,1.351395980796265,1.4297703324239717,0.0,0.07644908523358834,1.3673478387406768,1,50.0,1,1,1.5552975576830088,1.5552975576830088
2016-09-18,air_63a750d8b4b6a976,0,0,0,1,0,0,0,0.9685856362094608,0.706602990137991,0.0,-1.267285288130749,1.2104011366263767,1,19.0,1,1,0.7573455585592306,0.7573455585592307
2016-09-19,air_63a750d8b4b6a976,0,1,0,0,0,0,0,0.7833548243126202,0.4932093481519642,1.0,-1.267285288130749,0.9206533788768988,1,39.0,1,1,-0.2337655063422897,-0.2337655063422895
2016-09-20,air_63a750d8b4b6a976,0,0,0,0,0,1,0,0.6104727332089024,0.20868449217059457,0.0,-1.267285288130749,0.8361436161999679,1,18.0,1,1,-0.561604287708182,-0.5616042877081818
2016-09-22,air_63a750d8b4b6a976,0,0,0,0,1,0,0,0.7216112203470066,0.5169197528170782,1.0,-1.267285288130749,0.7878523232417218,1,22.0,1,1,0.4469746350421772,0.4469746350421774
2016-09-23,air_63a750d8b4b6a976,1,0,0,0,0,0,0,0.8697958698644791,0.848865418128676,0.0,0.5990124526530528,0.9327262021164606,1,14.0,1,1,0.7730413148871729,0.773041314887173
2016-09-24,air_63a750d8b4b6a976,0,0,1,0,0,0,0,0.9438881946232155,0.9318518344565754,0.0,0.8976200911784609,0.9810174950747067,1,21.0,1,1,1.4018841974453788,1.4018841974453788
2016-09-25,air_63a750d8b4b6a976,0,0,0,1,0,0,0,1.017980519381952,0.8962862274589041,0.0,-1.0184455893595756,1.0293087880329532,1,35.0,1,1,0.3905205437336104,0.39052054373361056
2016-09-27,air_63a750d8b4b6a976,0,0,0,0,0,1,0,1.3390472600031422,1.3586391184286293,0.0,0.6487803924072876,1.258692429584623,1,14.0,1,1,0.3454585336308082,0.34545853363080836
2016-09-28,air_63a750d8b4b6a976,0,0,0,0,0,0,1,1.005631798588829,0.5643405621473063,0.0,-1.267285288130749,1.222473959865938,1,42.0,1,1,0.42343100055026367,0.42343100055026384
2016-09-29,air_63a750d8b4b6a976,0,0,0,0,1,0,0,0.7092624995538842,0.37465732482639363,0.0,-1.267285288130749,0.9206533788768988,1,11.0,1,1,0.5057071425918969,0.5057071425918971
2016-09-30,air_63a750d8b4b6a976,1,0,0,0,0,0,0,0.8080522658988655,0.7658790018007763,0.0,-1.1677494086222795,0.9085805556373375,1,43.0,1,1,1.4482119943488214,1.4482119943488216
2016-10-01,air_63a750d8b4b6a976,0,0,1,0,0,0,0,0.9191907530369702,0.9318518344565754,0.0,-0.5954181014485804,1.0776000809911992,1,11.0,1,1,1.4712493141204788,1.471249314120479
2016-10-02,air_63a750d8b4b6a976,0,0,0,1,0,0,0,1.1291190065200563,1.2045214881053878,0.0,0.3501727538818792,1.137964197189007,1,13.0,1,1,0.35254693971439505,0.3525469397143952
2016-10-04,air_63a750d8b4b6a976,0,0,0,0,0,1,0,1.2526062144512833,1.0385486554495886,0.0,-1.0184455893595756,1.3794206619802385,1,17.0,1,1,0.19027307187228154,0.19027307187228173
2016-10-05,air_63a750d8b4b6a976,0,0,0,0,0,0,1,1.1661651688994243,1.07411426244726,0.0,-0.3714623725545242,1.1500370204285688,1,10.0,1,1,0.07533963037412313,0.07533963037412332
2016-10-06,air_63a750d8b4b6a976,0,0,0,0,1,0,0,0.882144590657602,0.8251550134635616,0.0,0.7234323020386396,0.9447990253560219,1,25.0,1,1,0.39457106149566,0.3945710614956602
2016-10-07,air_63a750d8b4b6a976,1,0,0,0,0,0,0,0.8574471490713567,0.8251550134635616,0.0,-0.6451860412028152,0.8723620859186527,1,8.0,1,1,1.1892320149377729,1.189232014937773
2016-10-08,air_63a750d8b4b6a976,0,0,1,0,0,0,0,0.9191907530369702,0.8132998111310048,0.0,-1.192633378499397,0.8482164394395297,1,27.0,1,1,1.3593537609438577,1.3593537609438577
2016-10-09,air_63a750d8b4b6a976,0,0,0,1,0,0,0,0.46228808369142993,0.4339333364891789,0.0,0.474592603267466,0.5463958584504905,1,40.0,1,1,0.8745574162985419,0.874557416298542
2016-10-10,air_63a750d8b4b6a976,0,1,0,0,0,0,0,0.33880087576020285,0.38651252715895046,1.0,1.3704155188436908,0.29286657041969744,1,31.0,1,1,0.12369268615859065,0.12369268615859084
2016-10-12,air_63a750d8b4b6a976,0,0,0,0,0,0,1,0.43759064210518417,0.44578853882173575,0.0,-0.023086794274881178,0.4618860957735592,1,15.0,1,1,0.33837012754722134,0.3383701275472215
2016-10-13,air_63a750d8b4b6a976,0,0,0,0,1,0,0,0.32645215496707997,0.030856457182238665,0.0,-1.267285288130749,0.522250211971367,1,15.0,1,1,0.36140744731887864,0.3614074473188788
2016-10-14,air_63a750d8b4b6a976,1,0,0,0,0,0,0,0.3758470381395706,0.4339333364891789,0.0,-0.29681046292317215,0.41359480281531313,1,37.0,1,1,1.2950517914713198,1.2950517914713198
2016-10-15,air_63a750d8b4b6a976,0,0,1,0,0,0,0,0.36349831734644816,0.505064550484521,0.0,0.2257529044962924,0.06348292886802764,1,19.0,1,1,1.6082074459497822,1.6082074459497822
2016-10-16,air_63a750d8b4b6a976,0,0,0,1,0,0,0,0.36349831734644816,0.20868449217059457,0.0,-1.267285288130749,0.3894491563361901,1,35.0,1,1,0.3307754067433783,0.33077540674337846
2016-10-18,air_63a750d8b4b6a976,0,0,0,0,0,1,0,0.7092624995538842,0.706602990137991,0.0,0.7234323020386396,0.7637066767625984,1,17.0,1,1,0.2502713662226418,0.25027136622264196
2016-10-19,air_63a750d8b4b6a976,0,0,0,0,0,0,1,0.6104727332089024,0.3628021224938364,0.0,-1.267285288130749,0.8482164394395297,1,10.0,1,1,0.34242064530927097,0.34242064530927113
2016-10-20,air_63a750d8b4b6a976,0,0,0,0,1,0,0,0.536380408450166,0.45764374115429296,0.0,-0.42123031230875896,0.5463958584504905,1,21.0,1,1,0.49077085834433887,0.49077085834433903
2016-10-21,air_63a750d8b4b6a976,1,0,0,0,0,0,0,0.36349831734644816,0.04271165951479589,0.0,-1.267285288130749,0.5946871514087366,1,8.0,1,1,1.310747547799262,1.310747547799262
2016-10-22,air_63a750d8b4b6a976,0,0,1,0,0,0,0,0.2770572717945893,-0.04027475681310344,0.0,-1.267285288130749,0.4860317422526827,1,17.0,1,1,1.6790915067856507,1.679091506785651
2016-10-23,air_63a750d8b4b6a976,0,0,0,1,0,0,0,0.32645215496707997,0.19682928983803774,0.0,-1.1677494086222795,0.5343230352109288,1,23.0,1,1,0.5100108177140746,0.5100108177140749
2016-10-25,air_63a750d8b4b6a976,0,0,0,0,0,1,0,0.5116829668639206,0.39836772949150767,0.0,-0.8193738303426367,0.40152197957575136,1,7.0,1,1,0.27508078751519577,0.275080787515196
2016-10-26,air_63a750d8b4b6a976,0,0,0,0,0,0,1,0.5487291292432889,0.45764374115429296,0.0,-0.9686776496053408,0.6067599746482983,1,22.0,1,1,0.5386175994085503,0.5386175994085504
2016-10-28,air_63a750d8b4b6a976,1,0,0,0,0,0,0,0.3881957589326935,0.4339333364891789,0.0,-1.2175173483765143,0.4377404492944362,1,33.0,1,1,1.2449266341659555,1.2449266341659555
2016-10-29,air_63a750d8b4b6a976,0,0,1,0,0,0,0,0.2153136678289757,0.1256980758426952,0.0,0.6985483321615223,0.28079374718013594,1,25.0,1,1,1.801113354367396,1.801113354367396
2016-10-30,air_63a750d8b4b6a976,0,0,0,1,0,0,0,0.005385414345889262,0.0545668618473527,0.0,0.3501727538818792,0.0393372823889046,1,35.0,1,1,0.5659585943023853,0.5659585943023854
2016-11-01,air_63a750d8b4b6a976,0,0,0,0,0,1,0,-0.32803004706842387,-0.502627647782829,0.0,-0.09773870390623321,-0.3952843542353118,1,26.0,1,1,0.1274900465605122,0.12749004656051238
2016-11-02,air_63a750d8b4b6a976,0,0,0,0,0,0,1,-0.5009121381721416,-0.41964123145492965,0.0,0.4497086333903487,-0.4797941169122429,1,10.0,1,1,0.9031641979930174,0.9031641979930175
2016-11-03,air_63a750d8b4b6a976,0,0,0,0,1,0,0,-0.36507620944779184,-0.3010892081293591,1.0,0.9473880309326959,-0.46772129367268134,1,23.0,1,1,0.5907680155949393,0.5907680155949394
2016-11-04,air_63a750d8b4b6a976,1,0,0,0,0,0,0,-0.32803004706842387,-0.17068198247123126,0.0,1.0966918501954,-0.46772129367268134,1,19.0,1,1,0.6773478327587502,0.6773478327587503
2016-11-05,air_63a750d8b4b6a976,0,0,1,0,0,0,0,-0.056358189619724296,0.22053969450315178,0.0,0.8229681815471092,-0.3349202380375039,1,31.0,1,1,1.4839071821268839,1.483907182126884
2016-11-06,air_63a750d8b4b6a976,0,0,0,1,0,0,0,0.01773413513901215,0.20868449217059457,0.0,0.474592603267466,-0.0451724802880265,1,20.0,1,1,0.29457390424505964,0.29457390424505986
2016-11-07,air_63a750d8b4b6a976,0,1,0,0,0,0,0,-0.2909838846890556,-0.14697157780611722,0.0,1.1464597899496345,-0.2624832986001346,1,2.0,1,1,-0.22490499873780612,-0.2249049987378059
2016-11-08,air_63a750d8b4b6a976,0,0,0,0,0,1,0,-0.27863516389593296,-0.5619036594456143,0.0,-1.267285288130749,-0.19004635916276522,1,19.0,1,1,-0.10364262323644514,-0.10364262323644495
2016-11-09,air_63a750d8b4b6a976,0,0,0,0,0,0,1,-0.32803004706842387,-0.3959308267898152,0.0,0.2257529044962924,-0.25041047536057304,1,14.0,1,1,0.10242746790783007,0.10242746790783025
2016-11-10,air_63a750d8b4b6a976,0,0,0,0,1,0,0,-0.6120506253102461,-0.8938493247572118,0.0,-1.267285288130749,-0.3952843542353118,1,7.0,1,1,0.27938446263737354,0.2793844626373737
2016-11-11,air_63a750d8b4b6a976,1,0,0,0,0,0,0,-0.22924028072344207,-0.1943923871363453,0.0,0.17598496474205766,-0.23833765212101152,1,10.0,1,1,0.9130373350380134,0.9130373350380135
2016-11-12,air_63a750d8b4b6a976,0,0,1,0,0,0,0,-0.30333260548217833,-0.14697157780611722,0.0,0.17598496474205766,-0.43150282395399653,1,25.0,1,1,1.8428843187885329,1.8428843187885329
2016-11-13,air_63a750d8b4b6a976,0,0,0,1,0,0,0,0.042431576725257485,0.19682928983803774,0.0,0.1262170249878229,-0.2624832986001346,1,19.0,1,1,0.3854573965310484,0.38545739653104855
2016-11-15,air_63a750d8b4b6a976,0,0,0,0,0,1,0,0.12887262227711638,-0.04027475681310344,0.0,-0.9686776496053408,0.0876285753471509,1,21.0,1,1,0.03610023955426728,0.03610023955426747
2016-11-16,air_63a750d8b4b6a976,0,0,0,0,0,0,1,-0.27863516389593296,-0.21810279180145933,0.0,1.0469239104411654,-0.3349202380375039,1,19.0,1,1,0.4246967873509042,0.4246967873509044
2016-11-17,air_63a750d8b4b6a976,0,0,0,0,1,0,0,-0.2909838846890556,-0.11140597080844597,0.0,0.051565115356470854,-0.4918669401518044,1,17.0,1,1,0.4578604015276856,0.45786040152768576
2016-11-18,air_63a750d8b4b6a976,1,0,0,0,0,0,0,-0.15514795596470585,-0.028419554480546633,0.0,-0.5705341315714632,-0.3590658845166272,1,23.0,1,1,1.3211269995645143,1.3211269995645143
2016-11-19,air_63a750d8b4b6a976,0,0,1,0,0,0,0,0.40054447972581636,0.19682928983803774,0.0,-1.117981468868045,0.4377404492944362,1,24.0,1,1,1.6590920753355307,1.6590920753355307
2016-11-20,air_63a750d8b4b6a976,0,0,0,1,0,0,0,0.17826750544960748,0.07827726651246715,0.0,-1.0184455893595756,0.135919868305397,1,23.0,1,1,0.553047568935852,0.5530475689358522
2016-11-21,air_63a750d8b4b6a976,0,1,0,0,0,0,0,-0.019312027240356074,-0.15882678013867405,0.0,-1.0930974989909275,-0.02102683380890324,1,1.0,1,1,-0.22971498858024006,-0.22971498858023984
2016-11-22,air_63a750d8b4b6a976,0,0,0,0,0,1,0,0.030082855932135038,0.0545668618473527,0.0,-0.19727458341470272,0.05141010562846612,1,32.0,1,1,1.0940448475296065,1.0940448475296065
2016-11-23,air_63a750d8b4b6a976,0,0,0,0,0,0,1,-0.32803004706842387,-0.5856140641107284,1.0,-1.1428654387451622,-0.14175506620451891,1,19.0,1,1,0.511023447154587,0.5110234471545873
2016-11-24,air_63a750d8b4b6a976,0,0,0,0,1,0,0,-0.8466763203795776,-1.0005461457502254,0.0,0.2755208442505272,-0.8902701070573361,1,16.0,1,1,-0.1092120851592634,-0.1092120851592632
2016-11-25,air_63a750d8b4b6a976,1,0,0,0,0,0,0,-0.9084199243451913,-0.8819941224246548,0.0,-0.4709982520629936,-0.9264885767760207,1,32.0,1,1,1.2307498219987818,1.2307498219987818
2016-11-26,air_63a750d8b4b6a976,0,0,1,0,0,0,0,-0.7478865540345959,-0.6093244687758423,0.0,-0.3465784026774068,-0.8781972838177745,1,51.0,1,1,1.8725037299235208,1.872503729923521
2016-11-27,air_63a750d8b4b6a976,0,0,0,1,0,0,0,-0.5379583005515098,-0.8345733130944265,0.0,-1.267285288130749,-0.3107745915583809,1,33.0,1,1,0.30748492961159285,0.30748492961159307
2016-11-29,air_63a750d8b4b6a976,0,0,0,0,0,1,0,-0.7478865540345959,-0.6211796711083996,0.0,0.2506368743734097,-0.9144157535364592,1,31.0,1,1,0.23710718349598045,0.23710718349598064
2016-11-30,air_63a750d8b4b6a976,0,0,0,0,0,0,1,-0.4762146965858963,-0.46706204078515773,0.0,-0.6451860412028152,-0.6246679957869816,1,11.0,1,1,0.3986215792577097,0.39862157925770986
2016-12-01,air_63a750d8b4b6a976,0,0,0,0,1,0,0,-0.32803004706842387,-0.5737588617781711,0.0,-1.1428654387451622,-0.1296822429649574,1,8.0,1,1,0.32773751842184107,0.32773751842184123
2016-12-02,air_63a750d8b4b6a976,1,0,0,0,0,0,0,-0.6490967876896143,-0.692310885103742,0.0,0.9473880309326959,-0.7091777584639126,1,32.0,1,1,1.4089726035289656,1.4089726035289658
2016-12-03,air_63a750d8b4b6a976,0,0,1,0,0,0,0,-0.7725839956208415,-0.4552068384526005,0.0,0.6736643622844048,-0.9385614000155824,1,39.0,1,1,2.176039404717115,2.1760394047171157
2016-12-04,air_63a750d8b4b6a976,0,0,0,1,0,0,0,-0.6861429500689823,-0.8345733130944265,0.0,-1.2424013182536318,-0.697104935224351,1,30.0,1,1,0.44292411728012754,0.4429241172801277
2016-12-06,air_63a750d8b4b6a976,0,0,0,0,0,1,0,-0.6861429500689823,-0.6330348734409567,0.0,0.3004048141276444,-0.8902701070573361,1,18.0,1,1,0.17153942722280197,0.17153942722280216
2016-12-07,air_63a750d8b4b6a976,0,0,0,0,0,0,1,-0.9948609698970501,-0.9057045270897689,0.0,0.07644908523358834,-1.0955081021298827,1,31.0,1,1,0.5368454978876535,0.5368454978876537
2016-12-08,air_63a750d8b4b6a976,0,0,0,0,1,0,0,-0.7725839956208415,-0.7634420990990842,0.0,0.549244512898818,-0.8540516373386514,1,25.0,1,1,0.649500523144659,0.6495005231446591
2016-12-09,air_63a750d8b4b6a976,1,0,0,0,0,0,0,-0.5503070213446325,-0.5263380524479431,0.0,0.051565115356470854,-0.588449526068297,1,45.0,1,1,1.8317453949428963,1.8317453949428966
2016-12-10,air_63a750d8b4b6a976,0,0,1,0,0,0,0,-0.7725839956208415,-0.6567452781060706,0.0,0.474592603267466,-0.7453962281825972,1,59.0,1,1,2.325655404552824,2.325655404552824
2016-12-11,air_63a750d8b4b6a976,0,0,0,1,0,0,0,-0.9207686451383139,-0.7397316944339702,0.0,0.8478521514242264,-1.0592896324111982,1,34.0,1,1,0.7806360356910159,0.780636035691016
2016-12-13,air_63a750d8b4b6a976,0,0,0,0,0,1,0,-0.5626557421377552,-0.8582837177595408,0.0,-1.267285288130749,-0.37113870775618873,1,29.0,1,1,0.3720400564442589,0.37204005644425914
2016-12-14,air_63a750d8b4b6a976,0,0,0,0,0,0,1,-0.7478865540345959,-0.8227181107618695,0.0,-1.2424013182536318,-0.6608864655056663,1,14.0,1,1,0.8143059645880535,0.8143059645880537
2016-12-15,air_63a750d8b4b6a976,0,0,0,0,1,0,0,-1.1059994570351546,-1.285071001731595,0.0,-0.7198379508341671,-0.8902701070573361,1,28.0,1,1,0.882405294462513,0.8824052944625131
2016-12-16,air_63a750d8b4b6a976,1,0,0,0,0,0,0,-1.3282764313113635,-1.4154782273897224,0.0,0.051565115356470854,-1.2645276274837447,1,15.0,1,1,1.9476914658815672,1.9476914658815674
2016-12-17,air_63a750d8b4b6a976,0,0,1,0,0,0,0,-1.1677430610007682,-1.0598221574130107,0.0,0.4248246635132312,-1.2766004507233062,1,51.0,1,1,2.625900033664753,2.625900033664753
2016-12-18,air_63a750d8b4b6a976,0,0,0,1,0,0,0,-0.9825122491039274,-0.8819941224246548,0.0,0.37505672375899646,-1.0834352788903212,1,25.0,1,1,0.8482290508452193,0.8482290508452194
2016-12-20,air_63a750d8b4b6a976,0,0,0,0,0,1,0,-0.3527274886546692,-0.3959308267898152,0.0,-0.6700700110799326,-0.3107745915583809,1,15.0,1,1,0.8300017209159959,0.830001720915996
2016-12-21,air_63a750d8b4b6a976,0,0,0,0,0,0,1,-0.09340435199909208,-0.08769556614333193,0.0,-0.5954181014485804,-0.3349202380375039,1,44.0,1,1,1.217079324551864,1.2170793245518643
2016-12-22,air_63a750d8b4b6a976,0,0,0,0,1,0,0,-0.1304505143784603,-0.04027475681310344,0.0,-1.2175173483765143,-0.23833765212101152,1,25.0,1,1,1.9583240750069475,1.9583240750069475
2016-12-23,air_63a750d8b4b6a976,1,0,0,0,0,0,0,-0.8837224827589459,-1.0716773597455678,1.0,-0.5456501616943458,-0.6608864655056663,1,27.0,1,1,1.6259284611587492,1.6259284611587494
2016-12-24,air_63a750d8b4b6a976,0,0,1,0,0,0,0,-0.9578148075176821,-1.130953371408353,0.0,-0.44611428218587634,-0.6729592887452279,1,49.0,1,1,1.7876960142806066,1.7876960142806066
2016-12-25,air_63a750d8b4b6a976,0,0,0,1,0,0,0,-0.7478865540345959,-0.6330348734409567,0.0,0.474592603267466,-0.8902701070573361,1,40.0,1,1,0.6553231424276054,0.6553231424276055
2016-12-27,air_63a750d8b4b6a976,0,0,0,0,0,1,0,-0.7602352748277188,-0.6567452781060706,0.0,-0.7696058905884019,-0.6608864655056663,1,13.0,1,1,1.0818932942434576,1.0818932942434578
2016-12-28,air_63a750d8b4b6a976,0,0,0,0,0,0,1,-1.2418353857595044,-1.4154782273897224,0.0,-0.7696058905884019,-1.0592896324111982,1,29.0,1,1,1.8714911004830084,1.8714911004830086
2016-12-29,air_63a750d8b4b6a976,0,0,0,0,1,0,0,-1.2418353857595044,-1.4273334297222795,1.0,-1.0184455893595756,-1.0834352788903212,1,2.0,1,1,1.5851701261781248,1.5851701261781248
2016-12-31,air_63a750d8b4b6a976,0,0,1,0,0,0,0,-1.1800917817938907,-0.9768357410851114,1.0,0.17598496474205766,-1.2645276274837447,1,14.0,1,1,-0.8912151705949711,-0.8912151705949709
2017-01-04,air_63a750d8b4b6a976,0,0,0,0,0,0,1,-0.871373761965823,-0.6093244687758423,0.0,0.7980842116699919,-0.9989255162133903,1,7.0,1,1,-0.6210962673382862,-0.6210962673382858
2017-01-05,air_63a750d8b4b6a976,0,0,0,0,1,0,0,-0.9207686451383139,-1.0242565504153394,0.0,-0.9935616194824581,-0.9264885767760207,1,12.0,1,1,-0.21528501905293823,-0.215285019052938
2017-01-06,air_63a750d8b4b6a976,1,0,0,0,0,0,0,-0.9454660867245595,-0.9057045270897689,0.0,0.7980842116699919,-0.8902701070573361,1,16.0,1,1,0.6474752642636341,0.6474752642636343
2017-01-07,air_63a750d8b4b6a976,0,0,1,0,0,0,0,-1.0936507362420318,-1.1783741807385812,0.0,-1.0184455893595756,-1.1800178648068138,1,31.0,1,1,1.184422025095339,1.184422025095339
2017-01-08,air_63a750d8b4b6a976,0,0,0,1,0,0,0,-0.7108403916552278,-0.8582837177595408,0.0,-1.0930974989909275,-0.5401582331100507,1,18.0,1,1,0.4249499447110323,0.4249499447110325
2017-01-09,air_63a750d8b4b6a976,0,1,0,0,0,0,0,-0.7478865540345959,-1.0242565504153394,1.0,-0.5207661918172284,-0.6608864655056663,1,20.0,1,1,-0.1783240444742353,-0.1783240444742351
2017-01-10,air_63a750d8b4b6a976,0,0,0,0,0,1,0,-1.0689532946557865,-1.0479669550804538,0.0,-0.5207661918172284,-0.8902701070573361,1,6.0,1,1,-0.12819888716887107,-0.12819888716887087
2017-01-11,air_63a750d8b4b6a976,0,0,0,0,0,0,1,-1.2788815481388727,-1.4391886320548366,0.0,0.2257529044962924,-1.1437993950881291,1,22.0,1,1,0.09103538670206546,0.09103538670206565
2017-01-12,air_63a750d8b4b6a976,0,0,0,0,1,0,0,-1.1800917817938907,-1.2969262040641518,0.0,-0.7696058905884019,-1.22830915776506,1,16.0,1,1,0.08166856437732568,0.08166856437732588
2017-01-13,air_63a750d8b4b6a976,1,0,0,0,0,0,0,-1.1183481778282773,-1.3443470133943802,0.0,-0.32169443280028953,-0.8661244605782129,1,16.0,1,1,1.1479673652368922,1.1479673652368925
2017-01-14,air_63a750d8b4b6a976,0,0,1,0,0,0,0,-1.4764610808288359,-1.6762926787059778,0.0,-0.6451860412028152,-1.252454804244183,1,40.0,1,1,1.454034613631768,1.454034613631768
2017-01-15,air_63a750d8b4b6a976,0,0,0,1,0,0,0,-1.7110867758981674,-1.6644374763734207,0.0,0.15110099486494039,-1.5663482084727838,1,22.0,1,1,0.10166799582744576,0.10166799582744594
2017-01-17,air_63a750d8b4b6a976,0,0,0,0,0,1,0,-1.3529738728976088,-1.1665189784060244,0.0,0.549244512898818,-1.3731830366397986,1,28.0,1,1,0.09230117350270597,0.09230117350270617
2017-01-18,air_63a750d8b4b6a976,0,0,0,0,0,0,1,-1.0689532946557865,-0.6686004804386276,0.0,0.1262170249878229,-1.3128189204419909,1,10.0,1,1,0.3763437315664367,0.37634373156643686
2017-01-19,air_63a750d8b4b6a976,0,0,0,0,1,0,0,-0.9948609698970501,-0.9412701340874401,0.0,-0.42123031230875896,-0.9506342232551439,1,14.0,1,1,0.36976164020310603,0.3697616402031062
2017-01-20,air_63a750d8b4b6a976,1,0,0,0,0,0,0,-1.2418353857595044,-1.3324918110618231,0.0,-0.9935616194824581,-1.2162363345254985,1,20.0,1,1,1.17227047180919,1.1722704718091903
2017-01-21,air_63a750d8b4b6a976,0,0,1,0,0,0,0,-1.2788815481388727,-1.356202215726937,0.0,0.2755208442505272,-1.22830915776506,1,27.0,1,1,1.7907339026021438,1.7907339026021438
2017-01-22,air_63a750d8b4b6a976,0,0,0,1,0,0,0,-1.4517636392425906,-1.6525822740408638,0.0,-0.6949539809570499,-1.22830915776506,1,11.0,1,1,0.3041938839299275,0.30419388392992774
2017-01-24,air_63a750d8b4b6a976,0,0,0,0,0,1,0,-1.6369944511394312,-1.7592790950338772,0.0,-0.29681046292317215,-1.4939112690354146,1,16.0,1,1,0.17153942722280197,0.17153942722280216
2017-01-25,air_63a750d8b4b6a976,0,0,0,0,0,0,1,-1.6369944511394312,-1.3680574180594942,0.0,0.5990124526530528,-1.7112220873475226,1,15.0,1,1,0.4307725639939787,0.43077256399397884
2017-01-26,air_63a750d8b4b6a976,0,0,0,0,1,0,0,-1.3776713144838544,-1.1428085737409102,0.0,1.0966918501954,-1.530129738754099,1,22.0,1,1,0.5219092136400955,0.5219092136400956
2017-01-27,air_63a750d8b4b6a976,1,0,0,0,0,0,0,-0.9948609698970501,-0.7160212897688559,0.0,-0.7447219207112845,-1.1800178648068138,1,31.0,1,1,1.4730214156413755,1.4730214156413757
2017-01-28,air_63a750d8b4b6a976,0,0,1,0,0,0,0,-1.1183481778282773,-0.8345733130944265,0.0,1.0469239104411654,-1.3128189204419909,1,35.0,1,1,1.9676908973316873,1.9676908973316873
2017-01-29,air_63a750d8b4b6a976,0,0,0,1,0,0,0,-0.5750044629308781,-0.22995799413401655,0.0,-0.9686776496053408,-0.9385614000155824,1,38.0,1,1,0.5639333354213604,0.5639333354213606
2017-01-31,air_63a750d8b4b6a976,0,0,0,0,0,1,0,-1.1183481778282773,-1.0005461457502254,0.0,0.07644908523358834,-0.9506342232551439,1,20.0,1,1,0.19001991451215344,0.1900199145121536
2017-02-01,air_63a750d8b4b6a976,0,0,0,0,0,0,1,-1.1059994570351546,-1.308781406396709,0.0,-0.9686776496053408,-0.781614697901282,1,11.0,1,1,0.3092570311324896,0.30925703113248976
2017-02-02,air_63a750d8b4b6a976,0,0,0,0,1,0,0,-1.1183481778282773,-1.130953371408353,0.0,1.1464597899496345,-1.192090688046375,1,14.0,1,1,0.3011559956083903,0.3011559956083905
2017-02-03,air_63a750d8b4b6a976,1,0,0,0,0,0,0,-1.1306968986214,-0.8701389200920978,0.0,1.0718078803182827,-1.3128189204419909,1,12.0,1,1,1.1537899845198387,1.1537899845198387
2017-02-04,air_63a750d8b4b6a976,0,0,1,0,0,0,0,-0.7602352748277188,-0.5619036594456143,0.0,-0.49588222194011095,-0.8419788140990899,1,23.0,1,1,1.8494664101518636,1.8494664101518636
2017-02-05,air_63a750d8b4b6a976,0,0,0,1,0,0,0,-0.7725839956208415,-0.9412701340874401,0.0,-1.267285288130749,-0.6246679957869816,1,30.0,1,1,0.23533508197508374,0.2353350819750839
2017-02-07,air_63a750d8b4b6a976,0,0,0,0,0,1,0,-1.0195584114832956,-0.9294149317548831,0.0,0.5741284827759355,-0.9627070464947055,1,10.0,1,1,0.11002218871167313,0.11002218871167332
2017-02-08,air_63a750d8b4b6a976,0,0,0,0,0,0,1,-1.1553943402076454,-1.1546637760734673,0.0,-1.0184455893595756,-0.9747798697342671,1,25.0,1,1,0.424190472630648,0.4241904726306482
2017-02-09,air_63a750d8b4b6a976,0,0,0,0,1,0,0,-1.4147174768632222,-1.5577406553804072,0.0,-0.8691417700968713,-1.1800178648068138,1,22.0,1,1,0.21255091956355454,0.2125509195635547
2017-02-10,air_63a750d8b4b6a976,1,0,0,0,0,0,0,-1.6987380551050448,-1.901541523024562,0.0,-0.5207661918172284,-1.5784210317123455,1,41.0,1,1,1.345430106136812,1.3454301061368121
2017-02-11,air_63a750d8b4b6a976,0,0,1,0,0,0,0,-1.6246457303463087,-1.7592790950338772,1.0,-0.6700700110799326,-1.6025666781914685,1,45.0,1,1,1.751747669142416,1.751747669142416
2017-02-12,air_63a750d8b4b6a976,0,0,0,1,0,0,0,-1.439414918449468,-1.308781406396709,0.0,0.17598496474205766,-1.421474329598045,1,22.0,1,1,0.4565946147270451,0.45659461472704527
2017-02-14,air_63a750d8b4b6a976,0,0,0,0,0,1,0,-1.2788815481388727,-1.1783741807385812,0.0,0.10133305511070562,-1.2162363345254985,1,21.0,1,1,0.28875128496211333,0.2887512849621135
2017-02-15,air_63a750d8b4b6a976,0,0,0,0,0,0,1,-1.1553943402076454,-0.9531253364199972,0.0,1.3206475790894563,-1.3007460972024294,1,19.0,1,1,0.6515257820256838,0.6515257820256839
2017-02-16,air_63a750d8b4b6a976,0,0,0,0,1,0,0,-0.6861429500689823,-0.27737880346424465,0.0,1.1962277297038695,-1.1317265718485674,1,28.0,1,1,0.6616520764308079,0.661652076430808
2017-02-17,air_63a750d8b4b6a976,1,0,0,0,0,0,0,-0.20454283913719676,-0.17068198247123126,0.0,-0.6700700110799326,-0.3590658845166272,1,27.0,1,1,1.436566755782929,1.436566755782929
2017-02-18,air_63a750d8b4b6a976,0,0,1,0,0,0,0,-0.9331173659314366,-1.0598221574130107,0.0,0.9722720008098131,-0.8178331676199667,1,29.0,1,1,1.9069331309009427,1.9069331309009427
2017-02-19,air_63a750d8b4b6a976,0,0,0,1,0,0,0,-1.007209690690173,-0.8938493247572118,0.0,1.3206475790894563,-1.3248917436815526,1,21.0,1,1,0.5664649090226415,0.5664649090226416
2017-02-21,air_63a750d8b4b6a976,0,0,0,0,0,1,0,-1.1183481778282773,-1.119098169075796,0.0,0.3252887840047619,-1.0713624556507595,1,19.0,1,1,0.3211554270585104,0.3211554270585106
2017-02-22,air_63a750d8b4b6a976,0,0,0,0,0,0,1,-0.8219788787933323,-0.5856140641107284,0.0,-1.267285288130749,-1.0713624556507595,1,20.0,1,1,0.6383615992990225,0.6383615992990226
2017-02-23,air_63a750d8b4b6a976,0,0,0,0,1,0,0,-0.8096301580002094,-0.8345733130944265,0.0,-0.7198379508341671,-0.6608864655056663,1,6.0,1,1,0.590008543514555,0.5900085435145551
2017-02-24,air_63a750d8b4b6a976,1,0,0,0,0,0,0,-1.1553943402076454,-1.1428085737409102,0.0,0.3004048141276444,-1.0834352788903212,1,9.0,1,1,1.5317539231910953,1.5317539231910953
2017-02-25,air_63a750d8b4b6a976,0,0,1,0,0,0,0,-1.2418353857595044,-1.119098169075796,0.0,-0.32169443280028953,-1.3490373901606756,1,22.0,1,1,2.1259142474117514,2.1259142474117514
2017-02-26,air_63a750d8b4b6a976,0,0,0,1,0,0,0,-1.0566045738626637,-1.0005461457502254,0.0,-0.3963463424316416,-1.0713624556507595,1,40.0,1,1,0.7135493352570689,0.713549335257069
2017-02-28,air_63a750d8b4b6a976,0,0,0,0,0,1,0,-1.007209690690173,-0.7515868967665272,0.0,1.3704155188436908,-1.1800178648068138,1,18.0,1,1,0.3986215792577097,0.39862157925770986
